--- Terminal on /dev/cu.usbmodem11301 | 9600 8-N-1
--- Available filters and text transformations: colorize, debug, default, direct, hexlify, log2file, nocontrol, printable, send_on_enter, time
--- More details at https://bit.ly/pio-monitor-filters
--- Quit: Ctrl+C | Menu: Ctrl+T | Help: Ctrl+T followed by Ctrl+H
boot
delta, voltage
409, 409, 46
179, 179, 276
87, 87, 368
87, 87, 368
109, 109, 346
110, 110, 345
75, 75, 380
23, 23, 432
-14, 14, -45, 45, -75, 75, -99, 99, -108, 108, -126, 126, -131, 131, -150, 150, -158, 158, -155, 155, -164, 164, -174, 174, -172, 172, -179, 179, -175, 175, -177, 177, -179, 179, -184, 184, -186, 186, -188, 188, -189, 189, -196, 196, -191, 191, -198, 198, -193, 193, -199, 199, -194, 194, -201, 201, -195, 195, -201, 201, -196, 196, -202, 202, -196, 196, -202, 202, -196, 196, -193, 193, -197, 197, -203, 203, -197, 197, -203, 203, -197, 197, -204, 204, -197, 197, -204, 204, -198, 198, -204, 204, -198, 198, -204, 204, -198, 198, -204, 204, -198, 198, -205, 205, -199, 199, -205, 205, -199, 199, -205, 205, -199, 199, -205, 205, -199, 199, -206, 206, -200, 200, -205, 205, -200, 200, -206, 206, -200, 200, -206, 206, -200, 200, -206, 206, -200, 200, -206, 206, -204, 204, -206, 206, -201, 201, -207, 207, -200, 200, -207, 207, -201, 201, -206, 206, -201, 201, -207, 207, -201, 201, -207, 207, -201, 201, -207, 207, -201, 201, -207, 207, -202, 202, -208, 208, -202, 202, -208, 208, -202, 202, -208, 208, -202, 202, -208, 208, -202, 202, -208, 208, -203, 203, -209, 209, -202, 202, -199, 199, -203, 203, -208, 208, -203, 203, -209, 209, -203, 203, -209, 209, -203, 203, -209, 209, -203, 203, -209, 209, -203, 203, -209, 209, -203, 203, -209, 209, -203, 203, -209, 209, -204, 204, -209, 209, -204, 204, -210, 210, -204, 204, -210, 210, -204, 204, -210, 210, -204, 204, -209, 209, -204, 204, -210, 210, -204, 204, -210, 210, -204, 204, -210, 210, -204, 204, -210, 210, -207, 207, -210, 210, -204, 204, -211, 211, -205, 205, -210, 210, -205, 205, -210, 210, -205, 205, -211, 211, -205, 205, -211, 211, -205, 205, -211, 211, -205, 205, -211, 211, -206, 206, -211, 211, -205, 205, -211, 211, -206, 206, -211, 211, -206, 206, -211, 211, -206, 206, -211, 211, -206, 206, -212, 212, -206, 206, -202, 202, -206, 206, -212, 212, -206, 206, -212, 212, -206, 206, -212, 212, -206, 206, -212, 212, -206, 206, -212, 212, -206, 206, -212, 212, -206, 206, -212, 212, -206, 206, -212, 212, -207, 207, -212, 212, -207, 207, -212, 212, -206, 206, -213, 213, -207, 207, -213, 213, -207, 207, -213, 213, -207, 207, -213, 213, -207, 207, -213, 213, -207, 207, -213, 213, -207, 207, -213, 213, -210, 210, -213, 213, -207, 207, -213, 213, -208, 208, -213, 213, -208, 208, -213, 213, -208, 208, -213, 213, -208, 208, -214, 214, -208, 208, -214, 214, -208, 208, -214, 214, -208, 208, -214, 214, -208, 208, -214, 214, -208, 208, -214, 214, -209, 209, -214, 214, -208, 208, -214, 214, -208, 208, -214, 214, -209, 209, -205, 205, -209, 209, -214, 214, -209, 209, -214, 214, -208, 208, -215, 215, -209, 209, -214, 214, -209, 209, -215, 215, -209, 209, -215, 215, -209, 209, -215, 215, -209, 209, -215, 215, -209, 209, -215, 215, -209, 209, -215, 215, -209, 209, -215, 215, -210, 210, -215, 215, -210, 210, -215, 215, -210, 210, -215, 215, -209, 209, -216, 216, -210, 210, -215, 215, -210, 210, -216, 216, -213, 213, -216, 216, -210, 210, -216, 216, -210, 210, -215, 215, -210, 210, -216, 216, -210, 210, -216, 216, -210, 210, -216, 216, -210, 210, -216, 216, -210, 210, -216, 216, -210, 210, -216, 216, -210, 210, -216, 216, -210, 210, -216, 216, -211, 211, -216, 216, -210, 210, -216, 216, -210, 210, -216, 216, -211, 211, -207, 207, -211, 211, -216, 216, -210, 210, -217, 217, -211, 211, -217, 217, -211, 211, -216, 216, -211, 211, -217, 217, -211, 211, -217, 217, -211, 211, -217, 217, -211, 211, -217, 217, -211, 211, -217, 217, -211, 211, -217, 217, -211, 211, -217, 217, -211, 211, -217, 217, -212, 212, -217, 217, -211, 211, -218, 218, -212, 212, -217, 217, -212, 212, -217, 217, -212, 212, -217, 217, -215, 215, -218, 218, -212, 212, -218, 218, -212, 212, -217, 217, -212, 212, -218, 218, -212, 212, -218, 218, -212, 212, -218, 218, -212, 212, -218, 218, -213, 213, -218, 218, -212, 212, -218, 218, -212, 212, -218, 218, -212, 212, -218, 218, -213, 213, -218, 218, -212, 212, -218, 218, -213, 213, -218, 218, -213, 213, -209, 209, -213, 213, -218, 218, -213, 213, -218, 218, -213, 213, -218, 218, -213, 213, -218, 218, -213, 213, -218, 218, -213, 213, -219, 219, -213, 213, -218, 218, -213, 213, -219, 219, -213, 213, -219, 219, -213, 213, -219, 219, -213, 213, -219, 219, -213, 213, -219, 219, -213, 213, -219, 219, -213, 213, -219, 219, -213, 213, -219, 219, -214, 214, -219, 219, -213, 213, -219, 219, -216, 216, -219, 219, -214, 214, -219, 219, -214, 214, -219, 219, -214, 214, -219, 219, -213, 213, -220, 220, -214, 214, -219, 219, -214, 214, -219, 219, -214, 214, -220, 220, -214, 214, -220, 220, -214, 214, -219, 219, -214, 214, -220, 220, -214, 214, -219, 219, -214, 214, -220, 220, -214, 214, -219, 219, -214, 214, -211, 211, -214, 214, -220, 220, -214, 214, -220, 220, -214, 214, -220, 220, -214, 214, -220, 220, -214, 214, -220, 220, -214, 214, -220, 220, -214, 214, -220, 220, -215, 215, -220, 220, -215, 215, -220, 220, -214, 214, -220, 220, -215, 215, -220, 220, -215, 215, -220, 220, -215, 215, -221, 221, -215, 215, -221, 221, -215, 215, -220, 220, -215, 215, -221, 221, -215, 215, -221, 221, -217, 217, -221, 221, -215, 215, -220, 220, -215, 215, -221, 221, -215, 215, -221, 221, -215, 215, -221, 221, -215, 215, -221, 221, -215, 215, -221, 221, -215, 215, -221, 221, -215, 215, -221, 221, -215, 215, -221, 221, -215, 215, -221, 221, -215, 215, -221, 221, -215, 215, -221, 221, -215, 215, -221, 221, -215, 215, -212, 212, -215, 215, -221, 221, -215, 215, -221, 221, -215, 215, -221, 221, -215, 215, -221, 221, -215, 215, -221, 221, -215, 215, -221, 221, -215, 215, -221, 221, -216, 216, -221, 221, -215, 215, -222, 222, -216, 216, -221, 221, -216, 216, -221, 221, -216, 216, -221, 221, -215, 215, -221, 221, -216, 216, -222, 222, -216, 216, -221, 221, -216, 216, -222, 222, -215, 215, -222, 222, -219, 219, -222, 222, -216, 216, -221, 221, -216, 216, -222, 222, -216, 216, -222, 222, -216, 216, -222, 222, -216, 216, -222, 222, -216, 216, -222, 222, -216, 216, -222, 222, -216, 216, -222, 222, -216, 216, -222, 222, -216, 216, -222, 222, -216, 216, -222, 222, -216, 216, -222, 222, -216, 216, -222, 222, -216, 216, -213, 213, -216, 216, -222, 222, -216, 216, -222, 222, -217, 217, -222, 222, -216, 216, -222, 222, -216, 216, -222, 222, -216, 216, -222, 222, -217, 217, -222, 222, -217, 217, -222, 222, -216, 216, -222, 222, -216, 216, -222, 222, -217, 217, -222, 222, -217, 217, -222, 222, -216, 216, -222, 222, -217, 217, -222, 222, -217, 217, -223, 223, -217, 217, -223, 223, -216, 216, -223, 223, -219, 219, -222, 222, -217, 217, -222, 2