--- Terminal on /dev/cu.usbmodem11301 | 9600 8-N-1
--- Available filters and text transformations: colorize, debug, default, direct, hexlify, log2file, nocontrol, printable, send_on_enter, time
--- More details at https://bit.ly/pio-monitor-filters
--- Quit: Ctrl+C | Menu: Ctrl+T | Help: Ctrl+T followed by Ctrl+H
boot
delta, abs_delta, voltage, pwm_delta
0, 0, 0, 0, 0, 0, 0, 0, 0, 0, 0, 438, 438, 328, 17, 344
325, 325, 243, 130, 75
317, 317, 237, 138, 312
277, 277, 207, 178, 7
293, 293, 219, 162, 226
286, 286, 214, 169, 440
244, 244, 183, 211, 111
293, 293, 219, 162, 330
252, 252, 189, 203, 7
279, 279, 209, 176, 216
279, 279, 209, 176, 425
242, 242, 181, 213, 94
288, 288, 216, 167, 310
254, 254, 190, 201, 500
227, 227, 170, 228, 158
275, 275, 206, 180, 364
239, 239, 179, 216, 31
278, 278, 208, 177, 239
272, 272, 204, 183, 443
237, 237, 177, 218, 108
289, 289, 216, 166, 324
253, 253, 189, 202, 1
278, 278, 208, 177, 209
279, 279, 209, 176, 418
132, 132, 99, 323, 5
6, 6, 2, 449, 7
70, 70, 52, 385, 59
130, 130, 97, 325, 156
151, 151, 113, 304, 269
87, 87, 65, 368, 334
-10, 10, -2, 465, 332
-85, 85, -63, 540, 269
-96, 96, -72, 551, 197
-114, 114, -85, 569, 112
-77, 77, -57, 532, 55
-23, 23, -17, 478, 38
55, 55, 41, 400, 79
111, 111, 83, 344, 162
129, 129, 96, 326, 258
76, 76, 57, 379, 315
-11, 11, -2, 466, 313
-88, 88, -66, 543, 247
-114, 114, -85, 569, 162
-103, 103, -77, 558, 85
-60, 60, -45, 515, 40
9, 9, 2, 446, 42
69, 69, 51, 386, 93
119, 119, 89, 336, 182
124, 124, 93, 331, 275
59, 59, 44, 396, 319
-30, 30, -22, 485, 297
-92, 92, -69, 547, 228
-119, 119, -89, 574, 139
-96, 96, -72, 551, 67
-46, 46, -34, 501, 33
27, 27, 20, 428, 53
95, 95, 71, 360, 124
134, 134, 100, 321, 224
106, 106, 79, 349, 303
20, 20, 2, 435, 305
-63, 63, -47, 518, 258
-100, 100, -75, 555, 183
-101, 101, -75, 556, 108
-61, 61, -45, 516, 63
-7, 7, -2, 462, 61
54, 54, 40, 401, 101
104, 104, 78, 351, 179
112, 112, 84, 343, 263
56, 56, 42, 399, 305
-24, 24, -18, 479, 287
-89, 89, -66, 544, 221
-112, 112, -84, 567, 137
-88, 88, -66, 543, 71
-38, 38, -28, 493, 43
31, 31, 23, 424, 66
96, 96, 72, 359, 138
128, 128, 96, 327, 234
95, 95, 71, 360, 305
6, 6, 2, 449, 307
-57, 57, -42, 512, 265
-106, 106, -79, 561, 186
-110, 110, -82, 565, 104
-70, 70, -52, 525, 52
-9, 9, -2, 464, 50
57, 57, 42, 398, 92
108, 108, 81, 347, 173
119, 119, 89, 336, 262
64, 64, 48, 391, 310
-20, 20, -2, 475, 308
-93, 93, -69, 548, 239
-117, 117, -87, 572, 152
-101, 101, -75, 556, 77
-55, 55, -41, 510, 36
19, 19, 2, 436, 38
84, 84, 63, 371, 101
132, 132, 99, 323, 200
123, 123, 92, 332, 292
39, 39, 29, 416, 321
-52, 52, -39, 507, 282
-108, 108, -81, 563, 201
-113, 113, -84, 568, 117
-78, 78, -58, 533, 59
-27, 27, -20, 482, 39
50, 50, 37, 405, 76
107, 107, 80, 348, 156
129, 129, 96, 326, 252
80, 80, 60, 375, 312
-6, 6, -2, 461, 310
-81, 81, -60, 536, 250
-112, 112, -84, 567, 166
-104, 104, -78, 559, 88
-63, 63, -47, 518, 41
5, 5, 2, 450, 43
66, 66, 49, 389, 92
116, 116, 87, 339, 179
123, 123, 92, 332, 271
60, 60, 45, 395, 316
-28, 28, -21, 483, 295
-92, 92, -69, 547, 226
-118, 118, -88, 573, 138
-95, 95, -71, 550, 67
-46, 46, -34, 501, 33
28, 28, 21, 427, 54
96, 96, 72, 359, 126
133, 133, 99, 322, 225
106, 106, 79, 349, 304
12, 12, 2, 443, 306
-59, 59, -44, 514, 262
-107, 107, -80, 562, 182
-109, 109, -81, 564, 101
-68, 68, -51, 523, 50
-5, 5, -2, 460, 48
60, 60, 45, 395, 93
111, 111, 83, 344, 176
120, 120, 90, 335, 266
61, 61, 45, 394, 311
-24, 24, -18, 479, 293
-91, 91, -68, 546, 225
-117, 117, -87, 572, 138
-94, 94, -70, 549, 68
-44, 44, -33, 499, 35
28, 28, 21, 427, 56
96, 96, 72, 359, 128
132, 132, 99, 323, 227
104, 104, 78, 351, 305
10, 10, 2, 445, 307
-61, 61, -45, 516, 262
-109, 109, -81, 564, 181
-110, 110, -82, 565, 99
-69, 69, -51, 524, 48
-10, 10, -2, 465, 46
63, 63, 47, 392, 93
117, 117, 87, 338, 180
125, 125, 93, 330, 273
62, 62, 46, 393, 319
-36, 36, -27, 491, 292
-101, 101, -75, 556, 217
-115, 115, -86, 570, 131
-88, 88, -66, 543, 65
-41, 41, -30, 496, 35
36, 36, 27, 419, 62
98, 98, 73, 357, 135
130, 130, 97, 325, 232
97, 97, 72, 358, 304
15, 15, 2, 440, 306
-67, 67, -50, 522, 256
-105, 105, -78, 560, 178
-103, 103, -77, 558, 101
-60, 60, -45, 515, 56
-3, 3, 0, 30, 30, 22, 425, 78
91, 91, 68, 364, 146
118, 118, 88, 337, 234
85, 85, 63, 370, 297
1, 1, 0, 0, -44, 44, -33, 499, 264
-81, 81, -60, 536, 204
-100, 100, -75, 555, 129
-70, 70, -52, 525, 77
-24, 24, -18, 479, 59
44, 44, 33, 411, 92
96, 96, 72, 359, 164
112, 112, 84, 343, 248
68, 68, 51, 387, 299
-9, 9, -2, 464, 297
-80, 80, -60, 535, 237
-108, 108, -81, 563, 156
-93, 93, -69, 548, 87
-53, 53, -39, 508, 48
14, 14, 2, 441, 50
77, 77, 57, 378, 107
125, 125, 93, 330, 200
115, 115, 86, 340, 286
35, 35, 26, 420, 312
-51, 51, -38, 506, 274
-100, 100, -75, 555, 199
-110, 110, -82, 565, 117
-75, 75, -56, 530, 61
-24, 24, -18, 479, 43
51, 51, 38, 404, 81
107, 107, 80, 348, 161
126, 126, 94, 329, 255
75, 75, 56, 380, 311
-11, 11, -2, 466, 309
-89, 89, -66, 544, 243
-116, 116, -87, 571, 156
-101, 101, -75, 556, 81
-58, 58, -43, 513, 38
14, 14, 2, 441, 40
80, 80, 60, 375, 100
129, 129, 96, 326, 196
123, 123, 92, 332, 288
41, 41, 30, 414, 318
-50, 50, -37, 505, 281
-91, 91, -68, 546, 213
-114, 114, -85, 569, 128
-84, 84, -63, 539, 65
-37, 37, -27, 492, 38
40, 40, 30, 415, 68
100, 100, 75, 355, 143
130, 130, 97, 325, 240
90, 90, 67, 365, 307
6, 6, 2, 449, 309
-69, 69, -51, 524, 258
-106, 106, -79, 561, 179
-106, 106, -79, 561, 100
-62, 62, -46, 517, 54
-5, 5, -2, 460, 52
59, 59, 44, 396, 96
113, 113, 84, 342, 180
120, 120, 90, 335, 270
66, 66, 49, 389, 319
-36, 36, -27, 491, 292
-102, 102, -76, 557, 216
-116, 116, -87, 571, 129
-88, 88, -66, 543, 63
-41, 41, -30, 496, 33
38, 38, 28, 417, 61
99, 99, 74, 356, 135
131, 131, 98, 324, 233
97, 97, 72, 358, 305
14, 14, 2, 441, 307
-68, 68, -51, 523, 256
-106, 106, -79, 561, 177
-104, 104, -78, 559, 99
-67, 67, -50, 522, 49
-4, 4, -2, 459, 47
62, 62, 46, 393, 93
112, 112, 84, 343, 177
120, 120, 90, 335, 267
60, 60, 45, 395, 312
-26, 26, -19, 481, 293
-94, 94, -70, 549, 223
-119, 119, -89, 574, 134
-94, 94, -70, 549, 64
-43, 43, -32, 498, 32
32, 32, 24, 423, 56
99, 99, 74, 356, 130
133, 133, 99, 322, 229
104, 104, 78, 351, 307
8, 8, 2, 447, 309
-59, 59, -44, 514, 265
-109, 109, -81, 564, 184
-112, 112, -84, 567, 100
-71, 71, -53, 526, 47
-8, 8, -2, 463, 45
59, 59, 44, 396, 89
111, 111, 83, 344, 172
122, 122, 91, 333, 263
65, 65, 48, 390, 311
-21, 21, -15, 476, 296
-91, 91, -68, 546, 228
-119, 119, -89, 574, 139
-97, 97, -72, 552, 67
-47, 47, -35, 502, 32
27, 27, 20, 428, 52
95, 95, 71, 360, 123
134, 134, 100, 321, 223
106, 106, 79, 349, 302
20, 20, 2, 435, 