--- Terminal on /dev/cu.usbmodem11301 | 9600 8-N-1
--- Available filters and text transformations: colorize, debug, default, direct, hexlify, log2file, nocontrol, printable, send_on_enter, time
--- More details at https://bit.ly/pio-monitor-filters
--- Quit: Ctrl+C | Menu: Ctrl+T | Help: Ctrl+T followed by Ctrl+H
boot
voltage, v_delta, correction
39, 416, 16, 16
55, 400, 16, 32
75, 380, 15, 48
101, 354, 14, 63
124, 331, 13, 77
156, 299, 11, 90
180, 275, 11, 101
205, 250, 10, 112
225, 230, 9, 122
244, 211, 8, 131
261, 194, 7, 139
276, 179, 7, 146
291, 164, 6, 153
304, 151, 6, 159
316, 139, 5, 165
326, 129, 5, 170
337, 118, 4, 175
347, 108, 4, 179
355, 100, 4, 183
363, 92, 3, 187
370, 85, 3, 190
375, 80, 3, 193
382, 73, 2, 196
388, 67, 2, 198
393, 62, 2, 200
397, 58, 2, 202
401, 54, 2, 204
405, 50, 2, 206
409, 46, 1, 208
412, 43, 1, 209
415, 40, 1, 210
417, 38, 1, 211
420, 35, 1, 212
422, 33, 1, 213
424, 31, 1, 214
426, 29, 1, 215
427, 28, 1, 216
429, 26, 1, 217
430, 25, 1, 218
432, 23, 0, 219
435, 20, 0, 220
435, 20, 0, 221
437, 18, 0, 222
439, 16, 0, 223
440, 15, 0, 224
441, 14, 0, 225
443, 12, 0, 226
445, 10, 0, 227
446, 9, 0, 228
438, 17, 0, 229
449, 6, 0, 230
451, 4, 0, 231
429, 26, 1, 232
454, 1, 0, 233
433, 22, 0, 233
435, 20, 0, 234
438, 17, 0, 235
459, -4, 0, 236
461, -6, 0, 235
439, 16, 0, 234
441, 14, 0, 235
462, -7, 0, 236
442, 13, 0, 235
463, -8, 0, 236
443, 12, 0, 235
463, -8, 0, 236
463, -8, 0, 235
441, 14, 0, 234
443, 12, 0, 235
463, -8, 0, 236
463, -8, 0, 235
441, 14, 0, 234
443, 12, 0, 235
463, -8, 0, 236
463, -8, 0, 235
463, -8, 0, 234
440, 15, 0, 233
441, 14, 0, 234
462, -7, 0, 235
462, -7, 0, 234
462, -7, 0, 233
461, -6, 0, 232
449, 6, 0, 231
438, 17, 0, 232
460, -5, 0, 233
437, 18, 0, 232
437, 18, 0, 233
460, -5, 0, 234
437, 18, 0, 233
460, -5, 0, 234
438, 17, 0, 233
461, -6, 0, 234
438, 17, 0, 233
439, 16, 0, 234
461, -6, 0, 235
440, 15, 0, 234
462, -7, 0, 235
462, -7, 0, 234
439, 16, 0, 233
440, 15, 0, 234
462, -7, 0, 235
462, -7, 0, 234
462, -7, 0, 233
439, 16, 0, 232
438, 17, 0, 233
461, -6, 0, 234
461, -6, 0, 233
439, 16, 0, 232
437, 18, 0, 233
439, 16, 0, 234
441, 14, 0, 235
444, 11, 0, 236
463, -8, 0, 237
446, 9, 0, 236
464, -9, 0, 237
465, -10, 0, 236
445, 10, 0, 235
464, -9, 0, 236
465, -10, 0, 235
464, -9, 0, 234
464, -9, 0, 233
463, -8, 0, 232
461, -6, 0, 231
457, -2, 0, 230
456, -1, 0, 230
455, 0, 0, 230
455, 0, 0, 230
457, -2, 0, 230
454, 1, 0, 230
456, -1, 0, 230
456, -1, 0, 230
456, -1, 0, 230
453, 2, 0, 230
456, -1, 0, 230
453, 2, 0, 230
453, 2, 0, 230
453, 2, 0, 230
453, 2, 0, 230
453, 2, 0, 230
453, 2, 0, 230
455, 0, 0, 230
456, -1, 0, 230
455, 0, 0, 230
453, 2, 0, 230
456, -1, 0, 230
453, 2, 0, 230
453, 2, 0, 230
455, 0, 0, 230
455, 0, 0, 230
455, 0, 0, 230
453, 2, 0, 230
455, 0, 0, 230
455, 0, 0, 230
453, 2, 0, 230
453, 2, 0, 230
455, 0, 0, 230
455, 0, 0, 230
453, 2, 0, 230
453, 2, 0, 230
453, 2, 0, 230
455, 0, 0, 230
453, 2, 0, 230
453, 2, 0, 230
455, 0, 0, 230
453, 2, 0, 230
453, 2, 0, 230
453, 2, 0, 230
453, 2, 0, 230
456, -1, 0, 230
453, 2, 0, 230
453, 2, 0, 230
453, 2, 0, 230
456, -1, 0, 230
453, 2, 0, 230
456, -1, 0, 230
453, 2, 0, 230
453, 2, 0, 230
456, -1, 0, 230
456, -1, 0, 230
453, 2, 0, 230
456, -1, 0, 230
456, -1, 0, 230
453, 2, 0, 230
456, -1, 0, 230
456, -1, 0, 230
453, 2, 0, 230
456, -1, 0, 230
453, 2, 0, 230
456, -1, 0, 230
453, 2, 0, 230
456, -1, 0, 230
453, 2, 0, 230
453, 2, 0, 230
453, 2, 0, 230
456, -1, 0, 230
453, 2, 0, 230
456, -1, 0, 230
453, 2, 0, 230
453, 2, 0, 230
453, 2, 0, 230
453, 2, 0, 230
453, 2, 0, 230
453, 2, 0, 230
456, -1, 0, 230
456, -1, 0, 230
453, 2, 0, 230
456, -1, 0, 230
456, -1, 0, 230
453, 2, 0, 230
453, 2, 0, 230
456, -1, 0, 230
453, 2, 0, 230
456, -1, 0, 230
456, -1, 0, 230
454, 1, 0, 230
456, -1, 0, 230
456, -1, 0, 230
453, 2, 0, 230
456, -1, 0, 230
456, -1, 0, 230
453, 2, 0, 230
456, -1, 0, 230
453, 2, 0, 230
456, -1, 0, 230
453, 2, 0, 230
456, -1, 0, 230
453, 2, 0, 230
453, 2, 0, 230
453, 2, 0, 230
456, -1, 0, 230
453, 2, 0, 230
456, -1, 0, 230
453, 2, 0, 230
453, 2, 0, 230
453, 2, 0, 230
453, 2, 0, 230
453, 2, 0, 230
453, 2, 0, 230
456, -1, 0, 230
453, 2, 0, 230
456, -1, 0, 230
456, -1, 0, 230
453, 2, 0, 230
456, -1, 0, 230
453, 2, 0, 230
456, -1, 0, 230
453, 2, 0, 230
453, 2, 0, 230
453, 2, 0, 230
455, 0, 0, 230
453, 2, 0, 230
453, 2, 0, 230
455, 0, 0, 230
453, 2, 0, 230
453, 2, 0, 230
453, 2, 0, 230
453, 2, 0, 230
455, 0, 0, 230
453, 2, 0, 230
453, 2, 0, 230
453, 2, 0, 230
453, 2, 0, 230
453, 2, 0, 230
453, 2, 0, 230
453, 2, 0, 230
453, 2, 0, 230
453, 2, 0, 230
455, 0, 0, 230
453, 2, 0, 230
453, 2, 0, 230
453, 2, 0, 230
453, 2, 0, 230
453, 2, 0, 230
453, 2, 0, 230
453, 2, 0, 230
456, -1, 0, 230
456, -1, 0, 230
454, 1, 0, 230
456, -1, 0, 230
456, -1, 0, 230
453, 2, 0, 230
456, -1, 0, 230
456, -1, 0, 230
453, 2, 0, 230
456, -1, 0, 230
453, 2, 0, 230
456, -1, 0, 230
453, 2, 0, 230
456, -1, 0, 230
453, 2, 0, 230
453, 2, 0, 230
453, 2, 0, 230
456, -1, 0, 230
453, 2, 0, 230
456, -1, 0, 230
453, 2, 0, 230
453, 2, 0, 230
453, 2, 0, 230
453, 2, 0, 230
453, 2, 0, 230
453, 2, 0, 230
456, -1, 0, 230
456, -1, 0, 230
453, 2, 0, 230
456, -1, 0, 230
456, -1, 0, 230
453, 2, 0, 230
453, 2, 0, 230
456, -1, 0, 230
453, 2, 0, 230
456, -1, 0, 230
456, -1, 0, 230
453, 2, 0, 230
456, -1, 0, 230
456, -1, 0, 230
454, 1, 0, 230
456, -1, 0, 230
456, -1, 0, 230
453, 2, 0, 230
456, -1, 0, 230
453, 2, 0, 230
456, -1, 0, 230
453, 2, 0, 230
456, -1, 0, 230
453, 2, 0, 230
453, 2, 0, 230
453, 2, 0, 230
456, -1, 0, 230
453, 2, 0, 230
456, -1, 0, 230
453, 2, 0, 230
453, 2, 0, 230
453, 2, 0, 230
453, 2, 0, 230
453, 2, 0, 230
454, 1, 0, 230
456, -1, 0, 230
453, 2, 0, 230
456, -1, 0, 230
456, -1, 0, 230
453, 2, 0, 230
456, -1, 0, 230
453, 2, 0, 230
456, -1, 0, 230
454, 1, 0, 230
453, 2, 0, 230
454, 1, 0, 230
456, -1, 0, 230
454, 1, 0, 230
456, -1, 0, 230
453, 2, 0, 230
454, 1, 0, 230
453, 2, 0, 230
453, 2, 0, 230
453, 2, 0, 230
454, 1, 0, 230
456, -1, 0, 230
454, 1, 0, 230
456, -1, 0, 230
456, -1, 0, 230
456, -1, 0, 230
454, 1, 0, 230
454, 1, 0, 230
456, -1, 0, 230
456, -1, 0, 230
456, -1, 0, 230
453, 2, 0, 230
453, 2, 0, 230
453, 2, 0, 230
453, 2, 0, 230
456, -1, 0, 230
453, 2, 0, 230
453, 2, 0, 230
456, -1, 0, 230
454, 1, 0, 230
453, 2, 0, 230
454, 1, 0, 230
453, 2, 0, 230
453, 2, 0, 230
456, -1, 0, 230
453, 2, 0, 230
456, -1, 0, 230
456, -1, 0, 230
453, 2, 0, 230
456, -1, 0, 230
454, 1, 0, 230
456, -1, 0, 230
453, 2, 0, 230
453, 2, 0, 230
454, 1, 0, 230
456, -1, 0, 230
454, 1, 0, 230
456, -1, 0, 230
454, 1, 0, 230
453, 2, 0, 230
454, 1, 0, 230
453, 2, 0, 230
454, 1, 0, 230
454, 1, 0, 230
456, -1, 0, 230
454, 1, 0, 230
456, -1, 0, 230
456, -1, 0, 230
454, 1, 0, 230
456, -1, 0, 230
454, 1, 0, 230
456, -1, 0, 230
456, -1, 0, 230
456, -1, 0, 230
454, 1, 0, 230
454, 1, 0, 230
454, 1, 0, 230
454, 1, 0, 230
454, 1, 0, 230
454, 1, 0, 230
456, -1, 0, 230
456, -1, 0, 230
454, 1, 0, 230
456, -1, 0, 230
456, -1, 0, 230
454, 1, 0, 230
456, -1, 0, 230
454, 1, 0, 230
456, -1, 0, 230
456, -1, 0, 230
454, 1, 0, 230
454, 1, 0, 230
456, -1, 0, 230
456, -1, 0, 230
454, 1, 0, 230
454, 1, 0, 230
454, 1, 0, 230
456, -1, 0, 230
454, 1, 0, 230
456, -1, 0, 230
454, 1, 0, 230
454, 1, 0, 230
456, -1, 0, 230
454, 1, 0, 230
456, -1, 0, 230
456, -1, 0, 230
454, 1, 0, 230
454, 1, 0, 230
454, 1, 0, 230
454, 1, 0, 230
456, -1, 0, 230
454, 1, 0, 230
454, 1, 0, 230
456, -1, 0, 230
454, 1, 0, 230
456, -1, 0, 230
456, -1, 0, 230
454, 1, 0, 230
456, -1, 0, 230
456, -1, 0, 230
454, 1, 0, 230
456, -1, 0, 230
456, -1, 0, 230
454, 1, 0, 230
456, -1, 0, 230
454, 1, 0, 230
454, 1, 0, 230
456, -1, 0, 230
456, -1, 0, 230
454, 1, 0, 230
456, -1, 0, 230
456, -1, 0, 230
454, 1, 0, 230
456, -1, 0, 230
454, 1, 0, 230
456, -1, 0, 230
456, -1, 0, 230
456, -1, 0, 230
454, 1, 0, 230
456, -1, 0, 230
454, 1, 0, 230
454, 1, 0, 230
456, -1, 0, 230
456, -1, 0, 230
454, 1, 0, 230
456, -1, 0, 230
456, -1, 0, 230
454, 1, 0, 230
456, -1, 0, 230
454, 1, 0, 230
456, -1, 0, 230
456, -1, 0, 230
456, -1, 0, 230
454, 1, 0, 230
456, -1, 0, 230
454, 1, 0, 230
454, 1, 0, 230
454, 1, 0, 230
454, 1, 0, 230
454, 1, 0, 230
454, 1, 0, 230
456, -1, 0, 230
454, 1, 0, 230
456, -1, 0, 230
456, -1, 0, 230
454, 1, 0, 230
456, -1, 0, 230
454, 1, 0, 230
456, -1, 0, 230
456, -1, 0, 230
456, -1, 0, 230
454, 1, 0, 230
454, 1, 0, 230
454, 1, 0, 230
454, 1, 0, 230
454, 1, 0, 230
454, 1, 0, 230
456, -1, 0, 230
456, -1, 0, 230
454, 1, 0, 230
456, -1, 0, 230
456, -1, 0, 230
454, 1, 0, 230
456, -1, 0, 230
454, 1, 0, 230
456, -1, 0, 230
456, -1, 0, 230
454, 1, 0, 230
454, 1, 0, 230
456, -1, 0, 230
456, -1, 0, 230
454, 1, 0, 230
454, 1, 0, 230
454, 1, 0, 230
456, -1, 0, 230
454, 1, 0, 230
456, -1, 0, 230
454, 1, 0, 230
454, 1, 0, 230
456, -1, 0, 230
454, 1, 0, 230
456, -1, 0, 230
456, -1, 0, 230
454, 1, 0, 230
454, 1, 0, 230
454, 1, 0, 230
454, 1, 0, 230
456, -1, 0, 230
454, 1, 0, 230
454, 1, 0, 230
456, -1, 0, 230
454, 1, 0, 230
456, -1, 0, 230
456, -1, 0, 230
454, 1, 0, 230
456, -1, 0, 230
456, -1, 0, 230
454, 1, 0, 230
456, -1, 0, 230
456, -1, 0, 230
454, 1, 0, 230
456, -1, 0, 230
454, 1, 0, 230
454, 1, 0, 230
456, -1, 0, 230
456, -1, 0, 230
454, 1, 0, 230
456, -1, 0, 230
456, -1, 0, 230
454, 1, 0, 230
456, -1, 0, 230
454, 1, 0, 230
456, -1, 0, 230
456, -1, 0, 230
456, -1, 0, 230
454, 1, 0, 230
456, -1, 0, 230
454, 1, 0, 230
454, 1, 0, 230
456, -1, 0, 230
456, -1, 0, 230
454, 1, 0, 230
456, -1, 0, 230
456, -1, 0, 230
454, 1, 0, 230
456, -1, 0, 230
454, 1, 0, 230
456, -1, 0, 230
456, -1, 0, 230
456, -1, 0, 230
454, 1, 0, 230
456, -1, 0, 230
454, 1, 0, 230
454, 1, 0, 230
454, 1, 0, 230
454, 1, 0, 230
454, 1, 0, 230
454, 1, 0, 230
456, -1, 0, 230
454, 1, 0, 230
456, -1, 0, 230
456, -1, 0, 230
454, 1, 0, 230
456, -1, 0, 230
454, 1, 0, 230
456, -1, 0, 230
456, -1, 0, 230
456, -1, 0, 230
454, 1, 0, 230
454, 1, 0, 230
454, 1, 0, 230
454, 1, 0, 230
454, 1, 0, 230
454, 1, 0, 230
456, -1, 0, 230
456, -1, 0, 230
454, 1, 0, 230
456, -1, 0, 230
456, -1, 0, 230
454, 1, 0, 230
456, -1, 0, 230
454, 1, 0, 230
456, -1, 0, 230
456, -1, 0, 230
454, 1, 0, 230
454, 1, 0, 230
456, -1, 0, 230
456, -1, 0, 230
454, 1, 0, 230
454, 1, 0, 230
454, 1, 0, 230
456, -1, 0, 230
454, 1, 0, 230
456, -1, 0, 230
454, 1, 0, 230
454, 1, 0, 230
456, -1, 0, 230
454, 1, 0, 230
456, -1, 0, 230
456, -1, 0, 230
454, 1, 0, 230
454, 1, 0, 230
454, 1, 0, 230
454, 1, 0, 230
456, -1, 0, 230
454, 1, 0, 230
454, 1, 0, 230
456, -1, 0, 230
454, 1, 0, 230
456, -1, 0, 230
456, -1, 0, 230
454, 1, 0, 230
456, -1, 0, 230
456, -1, 0, 230
454, 1, 0, 230
456, -1, 0, 230
457, -2, 0, 230
454, 1, 0, 230
456, -1, 0, 230
454, 1, 0, 230
454, 1, 0, 230
456, -1, 0, 230
456, -1, 0, 230
454, 1, 0, 230
456, -1, 0, 230
456, -1, 0, 230
454, 1, 0, 230
456, -1, 0, 230
454, 1, 0, 230
456, -1, 0, 230
456, -1, 0, 230
456, -1, 0, 230
454, 1, 0, 230
456, -1, 0, 230
454, 1, 0, 230
454, 1, 0, 230
456, -1, 0, 230
456, -1, 0, 230
454, 1, 0, 230
456, -1, 0, 230
456, -1, 0, 230
454, 1, 0, 230
456, -1, 0, 230
454, 1, 0, 230
456, -1, 0, 230
456, -1, 0, 230
456, -1, 0, 230
454, 1, 0, 230
456, -1, 0, 230
454, 1, 0, 230
454, 1, 0, 230
454, 1, 0, 230
454, 1, 0, 230
454, 1, 0, 230
454, 1, 0, 230
456, -1, 0, 230
454, 1, 0, 230
456, -1, 0, 230
456, -1, 0, 230
454, 1, 0, 230
456, -1, 0, 230
454, 1, 0, 230
456, -1, 0, 230
456, -1, 0, 230
456, -1, 0, 230
454, 1, 0, 230
454, 1, 0, 230
454, 1, 0, 230
454, 1, 0, 230
454, 1, 0, 230
454, 1, 0, 230
456, -1, 0, 230
456, -1, 0, 230
454, 1, 0, 230
456, -1, 0, 230
456, -1, 0, 230
454, 1, 0, 230
456, -1, 0, 230
454, 1, 0, 230
456, -1, 0, 230
456, -1, 0, 230
454, 1, 0, 230
454, 1, 0, 230
456, -1, 0, 230
456, -1, 0, 230
454, 1, 0, 230
454, 1, 0, 230
454, 1, 0, 230
456, -1, 0, 230
454, 1, 0, 230
456, -1, 0, 230
454, 1, 0, 230
454, 1, 0, 230
456, -1, 0, 230
454, 1, 0, 230
456, -1, 0, 230
456, -1, 0, 230
454, 1, 0, 230
454, 1, 0, 230
454, 1, 0, 230
454, 1, 0, 230
456, -1, 0, 230
454, 1, 0, 230
454, 1, 0, 230
456, -1, 0, 230
454, 1, 0, 230
456, -1, 0, 230
456, -1, 0, 230
454, 1, 0, 230
456, -1, 0, 230
456, -1, 0, 230
454, 1, 0, 230
456, -1, 0, 230
456, -1, 0, 230
454, 1, 0, 230
457, -2, 0, 230
454, 1, 0, 230
454, 1, 0, 230
457, -2, 0, 230
456, -1, 0, 230
454, 1, 0, 230
456, -1, 0, 230
456, -1, 0, 230
454, 1, 0, 230
456, -1, 0, 230
454, 1, 0, 230
456, -1, 0, 230
456, -1, 0, 230
456, -1, 0, 230
454, 1, 0, 230
456, -1, 0, 230
454, 1, 0, 230
454, 1, 0, 230
456, -1, 0, 230
456, -1, 0, 230
454, 1, 0, 230
456, -1, 0, 230
456, -1, 0, 230
454, 1, 0, 230
456, -1, 0, 230
454, 1, 0, 230
457, -2, 0, 230
457, -2, 0, 230
457, -2, 0, 230
454, 1, 0, 230
456, -1, 0, 230
454, 1, 0, 230
454, 1, 0, 230
454, 1, 0, 230
454, 1, 0, 230
454, 1, 0, 230
454, 1, 0, 230
456, -1, 0, 230
454, 1, 0, 230
456, -1, 0, 230
456, -1, 0, 230
454, 1, 0, 230
456, -1, 0, 230
454, 1, 0, 230
456, -1, 0, 230
456, -1, 0, 230
456, -1, 0, 230
454, 1, 0, 230
454, 1, 0, 230
454, 1, 0, 230
454, 1, 0, 230
454, 1, 0, 230
454, 1, 0, 230
456, -1, 0, 230
456, -1, 0, 230
454, 1, 0, 230
456, -1, 0, 230
456, -1, 0, 230
454, 1, 0, 230
456, -1, 0, 230
454, 1, 0, 230
456, -1, 0, 230
456, -1, 0, 230
454, 1, 0, 230
454, 1, 0, 230
456, -1, 0, 230
457, -2, 0, 230
454, 1, 0, 230
454, 1, 0, 230
454, 1, 0, 230
456, -1, 0, 230
454, 1, 0, 230
456, -1, 0, 230
454, 1, 0, 230
454, 1, 0, 230
456, -1, 0, 230
454, 1, 0, 230
456, -1, 0, 230
456, -1, 0, 230
454, 1, 0, 230
454, 1, 0, 230
454, 1, 0, 230
454, 1, 0, 230
456, -1, 0, 230
454, 1, 0, 230
454, 1, 0, 230
456, -1, 0, 230
454, 1, 0, 230
456, -1, 0, 230
456, -1, 0, 230
454, 1, 0, 230
456, -1, 0, 230
456, -1, 0, 230
454, 1, 0, 230
456, -1, 0, 230
456, -1, 0, 230
454, 1, 0, 230
456, -1, 0, 230
454, 1, 0, 230
454, 1, 0, 230
457, -2, 0, 230
457, -2, 0, 230
454, 1, 0, 230
457, -2, 0, 230
457, -2, 0, 230
454, 1, 0, 230
456, -1, 0, 230
454, 1, 0, 230
456, -1, 0, 230
456, -1, 0, 230
456, -1, 0, 230
454, 1, 0, 230
456, -1, 0, 230
454, 1, 0, 230
454, 1, 0, 230
456, -1, 0, 230
456, -1, 0, 230
454, 1, 0, 230
456, -1, 0, 230
456, -1, 0, 230
454, 1, 0, 230
457, -2, 0, 230
454, 1, 0, 230
456, -1, 0, 230
456, -1, 0, 230
456, -1, 0, 230
454, 1, 0, 230
457, -2, 0, 230
454, 1, 0, 230
454, 1, 0, 230
454, 1, 0, 230
454, 1, 0, 230
454, 1, 0, 230
454, 1, 0, 230
457, -2, 0, 230
454, 1, 0, 230
457, -2, 0, 230
456, -1, 0, 230
454, 1, 0, 230
456, -1, 0, 230
454, 1, 0, 230
456, -1, 0, 230
456, -1, 0, 230
457, -2, 0, 230
454, 1, 0, 230
454, 1, 0, 230
454, 1, 0, 230
454, 1, 0, 230
454, 1, 0, 230
454, 1, 0, 230
456, -1, 0, 230
456, -1, 0, 230
454, 1, 0, 230
456, -1, 0, 230
456, -1, 0, 230
454, 1, 0, 230
456, -1, 0, 230
454, 1, 0, 230
457, -2, 0, 230
456, -1, 0, 230
454, 1, 0, 230
454, 1, 0, 230
456, -1, 0, 230
457, -2, 0, 230
454, 1, 0, 230
454, 1, 0, 230
454, 1, 0, 230
457, -2, 0, 230
454, 1, 0, 230
457, -2, 0, 230
454, 1, 0, 230
455, 0, 0, 230
457, -2, 0, 230
454, 1, 0, 230
457, -2, 0, 230
457, -2, 0, 230
454, 1, 0, 230
454, 1, 0, 230
454, 1, 0, 230
454, 1, 0, 230
457, -2, 0, 230
454, 1, 0, 230
454, 1, 0, 230
456, -1, 0, 230
454, 1, 0, 230
456, -1, 0, 230
457, -2, 0, 230
454, 1, 0, 230
456, -1, 0, 230
456, -1, 0, 230
454, 1, 0, 230
456, -1, 0, 230
457, -2, 0, 230
454, 1, 0, 230
457, -2, 0, 230
454, 1, 0, 230
454, 1, 0, 230
456, -1, 0, 230
456, -1, 0, 230
454, 1, 0, 230
456, -1, 0, 230
457, -2, 0, 230
454, 1, 0, 230
457, -2, 0, 230
454, 1, 0, 230
457, -2, 0, 230
456, -1, 0, 230
457, -2, 0, 230
454, 1, 0, 230
456, -1, 0, 230
454, 1, 0, 230
454, 1, 0, 230
456, -1, 0, 230
457, -2, 0, 230
454, 1, 0, 230
457, -2, 0, 230
457, -2, 0, 230
454, 1, 0, 230
456, -1, 0, 230
454, 1, 0, 230
456, -1, 0, 230
457, -2, 0, 230
457, -2, 0, 230
454, 1, 0, 230
456, -1, 0, 230
454, 1, 0, 230
454, 1, 0, 230
454, 1, 0, 230
454, 1, 0, 230
454, 1, 0, 230
454, 1, 0, 230
456, -1, 0, 230
454, 1, 0, 230
457, -2, 0, 230
457, -2, 0, 230
455, 0, 0, 230
457, -2, 0, 230
454, 1, 0, 230
457, -2, 0, 230
457, -2, 0, 230
456, -1, 0, 230
454, 1, 0, 230
454, 1, 0, 230
454, 1, 0, 230
454, 1, 0, 230
454, 1, 0, 230
454, 1, 0, 230
457, -2, 0, 230
456, -1, 0, 230
454, 1, 0, 230
456, -1, 0, 230
457, -2, 0, 230
454, 1, 0, 230
457, -2, 0, 230
454, 1, 0, 230
457, -2, 0, 230
456, -1, 0, 230
454, 1, 0, 230
454, 1, 0, 230
457, -2, 0, 230
457, -2, 0, 230
454, 1, 0, 230
454, 1, 0, 230
454, 1, 0, 230
456, -1, 0, 230
454, 1, 0, 230
456, -1, 0, 230
454, 1, 0, 230
454, 1, 0, 230
457, -2, 0, 230
455, 0, 0, 230
457, -2, 0, 230
457, -2, 0, 230
454, 1, 0, 230
454, 1, 0, 230
454, 1, 0, 230
454, 1, 0, 230
457, -2, 0, 230
454, 1, 0, 230
454, 1, 0, 230
456, -1, 0, 230
454, 1, 0, 230
457, -2, 0, 230
456, -1, 0, 230
454, 1, 0, 230
456, -1, 0, 230
457, -2, 0, 230
454, 1, 0, 230
457, -2, 0, 230
457, -2, 0, 230
454, 1, 0, 230
456, -1, 0, 230
454, 1, 0, 230
454, 1, 0, 230
456, -1, 0, 230
456, -1, 0, 230
454, 1, 0, 230
457, -2, 0, 230
457, -2, 0, 230
454, 1, 0, 230
456, -1, 0, 230
454, 1, 0, 230
457, -2, 0, 230
457, -2, 0, 230
457, -2, 0, 230
454, 1, 0, 230
457, -2, 0, 230
454, 1, 0, 230
454, 1, 0, 230
456, -1, 0, 230
457, -2, 0, 230
454, 1, 0, 230
457, -2, 0, 230
456, -1, 0, 230
454, 1, 0, 230
457, -2, 0, 230
454, 1, 0, 230
456, -1, 0, 230
457, -2, 0, 230
457, -2, 0, 230
454, 1, 0, 230
457, -2, 0, 230
454, 1, 0, 230
454, 1, 0, 230
454, 1, 0, 230
454, 1, 0, 230
454, 1, 0, 230
454, 1, 0, 230
457, -2, 0, 230
454, 1, 0, 230
456, -1, 0, 230
456, -1, 0, 230
454, 1, 0, 230
457, -2, 0, 230
454, 1, 0, 230
457, -2, 0, 230
457, -2, 0, 230
457, -2, 0, 230
454, 1, 0, 230
454, 1, 0, 230
454, 1, 0, 230
454, 1, 0, 230
454, 1, 0, 230
454, 1, 0, 230
457, -2, 0, 230
457, -2, 0, 230
454, 1, 0, 230
457, -2, 0, 230
457, -2, 0, 230
454, 1, 0, 230
456, -1, 0, 230
454, 1, 0, 230
457, -2, 0, 230
457, -2, 0, 230
454, 1, 0, 230
454, 1, 0, 230
456, -1, 0, 230
456, -1, 0, 230
454, 1, 0, 230
454, 1, 0, 230
454, 1, 0, 230
456, -1, 0, 230
454, 1, 0, 230
457, -2, 0, 230
454, 1, 0, 230
454, 1, 0, 230
457, -2, 0, 230
454, 1, 0, 230
456, -1, 0, 230
457, -2, 0, 230
454, 1, 0, 230
454, 1, 0, 230
454, 1, 0, 230
454, 1, 0, 230
457, -2, 0, 230
455, 0, 0, 230
454, 1, 0, 230
457, -2, 0, 230
454, 1, 0, 230
457, -2, 0, 230
457, -2, 0, 230
454, 1, 0, 230
456, -1, 0, 230
457, -2, 0, 230
454, 1, 0, 230
457, -2, 0, 230
456, -1, 0, 230
454, 1, 0, 230
456, -1, 0, 230
454, 1, 0, 230
454, 1, 0, 230
457, -2, 0, 230
456, -1, 0, 230
454, 1, 0, 230
457, -2, 0, 230
456, -1, 0, 230
454, 1, 0, 230
457, -2, 0, 230
454, 1, 0, 230
456, -1, 0, 230
456, -1, 0, 230
457, -2, 0, 230
455, 0, 0, 230
457, -2, 0, 230
454, 1, 0, 230
454, 1, 0, 230
457, -2, 0, 230
457, -2, 0, 230
454, 1, 0, 230
457, -2, 0, 230
457, -2, 0, 230
454, 1, 0, 230
456, -1, 0, 230
454, 1, 0, 230
457, -2, 0, 230
457, -2, 0, 230
457, -2, 0, 230
454, 1, 0, 230
457, -2, 0, 230
454, 1, 0, 230
454, 1, 0, 230
454, 1, 0, 230
454, 1, 0, 230
454, 1, 0, 230
454, 1, 0, 230
456, -1, 0, 230
454, 1, 0, 230
457, -2, 0, 230
456, -1, 0, 230
454, 1, 0, 230
457, -2, 0, 230
454, 1, 0, 230
456, -1, 0, 230
457, -2, 0, 230
457, -2, 0, 230
454, 1, 0, 230
454, 1, 0, 230
455, 0, 0, 230
454, 1, 0, 230
454, 1, 0, 230
454, 1, 0, 230
457, -2, 0, 230
457, -2, 0, 230
454, 1, 0, 230
457, -2, 0, 230
456, -1, 0, 230
454, 1, 0, 230
456, -1, 0, 230
454, 1, 0, 230
456, -1, 0, 230
456, -1, 0, 230
454, 1, 0, 230
454, 1, 0, 230
456, -1, 0, 230
456, -1, 0, 230
454, 1, 0, 230
454, 1, 0, 230
454, 1, 0, 230
457, -2, 0, 230
454, 1, 0, 230
457, -2, 0, 230
454, 1, 0, 230
454, 1, 0, 230
456, -1, 0, 230
454, 1, 0, 230
457, -2, 0, 230
457, -2, 0, 230
454, 1, 0, 230
454, 1, 0, 230
454, 1, 0, 230
454, 1, 0, 230
457, -2, 0, 230
454, 1, 0, 230
454, 1, 0, 230
456, -1, 0, 230
454, 1, 0, 230
456, -1, 0, 230
457, -2, 0, 230
454, 1, 0, 230
457, -2, 0, 230
456, -1, 0, 230
454, 1, 0, 230
457, -2, 0, 230
457, -2, 0, 230
454, 1, 0, 230
456, -1, 0, 230
454, 1, 0, 230
454, 1, 0, 230
456, -1, 0, 230
457, -2, 0, 230
454, 1, 0, 230
457, -2, 0, 230
456, -1, 0, 230
454, 1, 0, 230
456, -1, 0, 230
454, 1, 0, 230
456, -1, 0, 230
456, -1, 0, 230
457, -2, 0, 230
454, 1, 0, 230
457, -2, 0, 230
454, 1, 0, 230
454, 1, 0, 230
456, -1, 0, 230
457, -2, 0, 230
454, 1, 0, 230
457, -2, 0, 230
457, -2, 0, 230
454, 1, 0, 230
457, -2, 0, 230
454, 1, 0, 230
457, -2, 0, 230
457, -2, 0, 230
457, -2, 0, 230
454, 1, 0, 230
457, -2, 0, 230
454, 1, 0, 230
454, 1, 0, 230
454, 1, 0, 230
454, 1, 0, 230
454, 1, 0, 230
454, 1, 0, 230
456, -1, 0, 230
454, 1, 0, 230
457, -2, 0, 230
457, -2, 0, 230
454, 1, 0, 230
456, -1, 0, 230
454, 1, 0, 230
456, -1, 0, 230
456, -1, 0, 230
457, -2, 0, 230
454, 1, 0, 230
454, 1, 0, 230
454, 1, 0, 230
454, 1, 0, 230
454, 1, 0, 230
454, 1, 0, 230
456, -1, 0, 230
457, -2, 0, 230
455, 0, 0, 230
457, -2, 0, 230
457, -2, 0, 230
454, 1, 0, 230
457, -2, 0, 230
455, 0, 0, 230
457, -2, 0, 230
457, -2, 0, 230
454, 1, 0, 230
454, 1, 0, 230
457, -2, 0, 230
456, -1, 0, 230
454, 1, 0, 230
454, 1, 0, 230
454, 1, 0, 230
457, -2, 0, 230
454, 1, 0, 230
456, -1, 0, 230
454, 1, 0, 230
454, 1, 0, 230
457, -2, 0, 230
454, 1, 0, 230
457, -2, 0, 230
456, -1, 0, 230
454, 1, 0, 230
454, 1, 0, 230
454, 1, 0, 230
454, 1, 0, 230
457, -2, 0, 230
454, 1, 0, 230
454, 1, 0, 230
456, -1, 0, 230
454, 1, 0, 230
456, -1, 0, 230
457, -2, 0, 230
454, 1, 0, 230
457, -2, 0, 230
457, -2, 0, 230
455, 0, 0, 230
457, -2, 0, 230
457, -2, 0, 230
454, 1, 0, 230
456, -1, 0, 230
454, 1, 0, 230
454, 1, 0, 230
456, -1, 0, 230
456, -1, 0, 230
454, 1, 0, 230
457, -2, 0, 230
456, -1, 0, 230
454, 1, 0, 230
456, -1, 0, 230
454, 1, 0, 230
456, -1, 0, 230
456, -1, 0, 230
457, -2, 0, 230
454, 1, 0, 230
457, -2, 0, 230
454, 1, 0, 230
454, 1, 0, 230
456, -1, 0, 230
457, -2, 0, 230
454, 1, 0, 230
456, -1, 0, 230
457, -2, 0, 230
454, 1, 0, 230
457, -2, 0, 230
454, 1, 0, 230
457, -2, 0, 230
457, -2, 0, 230
457, -2, 0, 230
454, 1, 0, 230
456, -1, 0, 230
454, 1, 0, 230
454, 1, 0, 230
454, 1, 0, 230
454, 1, 0, 230
454, 1, 0, 230
454, 1, 0, 230
456, -1, 0, 230
454, 1, 0, 230
456, -1, 0, 230
456, -1, 0, 230
454, 1, 0, 230
456, -1, 0, 230
454, 1, 0, 230
456, -1, 0, 230
456, -1, 0, 230
456, -1, 0, 230
454, 1, 0, 230
454, 1, 0, 230
454, 1, 0, 230
454, 1, 0, 230
454, 1, 0, 230
454, 1, 0, 230
456, -1, 0, 230
456, -1, 0, 230
454, 1, 0, 230
456, -1, 0, 230
457, -2, 0, 230
454, 1, 0, 230
456, -1, 0, 230
454, 1, 0, 230
457, -2, 0, 230
457, -2, 0, 230
454, 1, 0, 230
455, 0, 0, 230
457, -2, 0, 230
457, -2, 0, 230
454, 1, 0, 230
454, 1, 0, 230
454, 1, 0, 230
456, -1, 0, 230
454, 1, 0, 230
456, -1, 0, 230
454, 1, 0, 230
454, 1, 0, 230
457, -2, 0, 230
454, 1, 0, 230
456, -1, 0, 230
457, -2, 0, 230
454, 1, 0, 230
454, 1, 0, 230
454, 1, 0, 230
454, 1, 0, 230
456, -1, 0, 230
454, 1, 0, 230
454, 1, 0, 230
456, -1, 0, 230
454, 1, 0, 230
456, -1, 0, 230
457, -2, 0, 230
454, 1, 0, 230
456, -1, 0, 230
456, -1, 0, 230
454, 1, 0, 230
456, -1, 0, 230
456, -1, 0, 230
454, 1, 0, 230
457, -2, 0, 230
454, 1, 0, 230
454, 1, 0, 230
457, -2, 0, 230
457, -2, 0, 230
454, 1, 0, 230
456, -1, 0, 230
456, -1, 0, 230
454, 1, 0, 230
456, -1, 0, 230
454, 1, 0, 230
456, -1, 0, 230
456, -1, 0, 230
456, -1, 0, 230
454, 1, 0, 230
456, -1, 0, 230
454, 1, 0, 230
454, 1, 0, 230
456, -1, 0, 230
456, -1, 0, 230
454, 1, 0, 230
456, -1, 0, 230
456, -1, 0, 230
454, 1, 0, 230
456, -1, 0, 230
454, 1, 0, 230
457, -2, 0, 230
457, -2, 0, 230
456, -1, 0, 230
455, 0, 0, 230
457, -2, 0, 230
454, 1, 0, 230
454, 1, 0, 230
454, 1, 0, 230
454, 1, 0, 230
454, 1, 0, 230
454, 1, 0, 230
457, -2, 0, 230
454, 1, 0, 230
456, -1, 0, 230
457, -2, 0, 230
454, 1, 0, 230
456, -1, 0, 230
454, 1, 0, 230
457, -2, 0, 230
457, -2, 0, 230
457, -2, 0, 230
454, 1, 0, 230
454, 1, 0, 230
454, 1, 0, 230
454, 1, 0, 230
454, 1, 0, 230
454, 1, 0, 230
457, -2, 0, 230
457, -2, 0, 230
454, 1, 0, 230
456, -1, 0, 230
456, -1, 0, 230
454, 1, 0, 230
457, -2, 0, 230
454, 1, 0, 230
456, -1, 0, 230
456, -1, 0, 230
454, 1, 0, 230
454, 1, 0, 230
456, -1, 0, 230
457, -2, 0, 230
454, 1, 0, 230
454, 1, 0, 230
454, 1, 0, 230
457, -2, 0, 230
454, 1, 0, 230
457, -2, 0, 230
454, 1, 0, 230
454, 1, 0, 230
456, -1, 0, 230
454, 1, 0, 230
456, -1, 0, 230
457, -2, 0, 230
454, 1, 0, 230
454, 1, 0, 230
454, 1, 0, 230
454, 1, 0, 230
457, -2, 0, 230
454, 1, 0, 230
454, 1, 0, 230
457, -2, 0, 230
454, 1, 0, 230
456, -1, 0, 230
456, -1, 0, 230
454, 1, 0, 230
456, -1, 0, 230
456, -1, 0, 230
454, 1, 0, 230
456, -1, 0, 230
456, -1, 0, 230
454, 1, 0, 230
456, -1, 0, 230
454, 1, 0, 230
454, 1, 0, 230
456, -1, 0, 230
457, -2, 0, 230
454, 1, 0, 230
457, -2, 0, 230
457, -2, 0, 230
454, 1, 0, 230
457, -2, 0, 230
454, 1, 0, 230
456, -1, 0, 230
456, -1, 0, 230
457, -2, 0, 230
454, 1, 0, 230
457, -2, 0, 230
454, 1, 0, 230
454, 1, 0, 230
456, -1, 0, 230
456, -1, 0, 230
454, 1, 0, 230
456, -1, 0, 230
457, -2, 0, 230
454, 1, 0, 230
456, -1, 0, 230
454, 1, 0, 230
456, -1, 0, 230
457, -2, 0, 230
456, -1, 0, 230
454, 1, 0, 230
456, -1, 0, 230
454, 1, 0, 230
454, 1, 0, 230
454, 1, 0, 230
454, 1, 0, 230
454, 1, 0, 230
454, 1, 0, 230
456, -1, 0, 230
454, 1, 0, 230
457, -2, 0, 230
457, -2, 0, 230
454, 1, 0, 230
457, -2, 0, 230
454, 1, 0, 230
456, -1, 0, 230
456, -1, 0, 230
456, -1, 0, 230
454, 1, 0, 230
454, 1, 0, 230
454, 1, 0, 230
454, 1, 0, 230
454, 1, 0, 230
454, 1, 0, 230
456, -1, 0, 230
457, -2, 0, 230
454, 1, 0, 230
456, -1, 0, 230
456, -1, 0, 230
454, 1, 0, 230
456, -1, 0, 230
454, 1, 0, 230
456, -1, 0, 230
456, -1, 0, 230
454, 1, 0, 230
454, 1, 0, 230
457, -2, 0, 230
456, -1, 0, 230
454, 1, 0, 230
454, 1, 0, 230
454, 1, 0, 230
456, -1, 0, 230
454, 1, 0, 230
456, -1, 0, 230
454, 1, 0, 230
454, 1, 0, 230
457, -2, 0, 230
454, 1, 0, 230
457, -2, 0, 230
457, -2, 0, 230
454, 1, 0, 230
454, 1, 0, 230
454, 1, 0, 230
454, 1, 0, 230
457, -2, 0, 230
454, 1, 0, 230
454, 1, 0, 230
457, -2, 0, 230
454, 1, 0, 230
456, -1, 0, 230
456, -1, 0, 230
454, 1, 0, 230
456, -1, 0, 230
456, -1, 0, 230
454, 1, 0, 230
456, -1, 0, 230
457, -2, 0, 230
454, 1, 0, 230
456, -1, 0, 230
454, 1, 0, 230
454, 1, 0, 230
456, -1, 0, 230
456, -1, 0, 230
454, 1, 0, 230
456, -1, 0, 230
456, -1, 0, 230
454, 1, 0, 230
456, -1, 0, 230
454, 1, 0, 230
457, -2, 0, 230
457, -2, 0, 230
457, -2, 0, 230
454, 1, 0, 230
456, -1, 0, 230
454, 1, 0, 230
454, 1, 0, 230
456, -1, 0, 230
456, -1, 0, 230
454, 1, 0, 230
456, -1, 0, 230
456, -1, 0, 230
454, 1, 0, 230
457, -2, 0, 230
454, 1, 0, 230
456, -1, 0, 230
456, -1, 0, 230
457, -2, 0, 230
454, 1, 0, 230
457, -2, 0, 230
454, 1, 0, 230
454, 1, 0, 230
454, 1, 0, 230
454, 1, 0, 230
454, 1, 0, 230
454, 1, 0, 230
456, -1, 0, 230
454, 1, 0, 230
456, -1, 0, 230
456, -1, 0, 230
454, 1, 0, 230
457, -2, 0, 230
454, 1, 0, 230
457, -2, 0, 230
457, -2, 0, 230
457, -2, 0, 230
454, 1, 0, 230
454, 1, 0, 230
454, 1, 0, 230
454, 1, 0, 230
454, 1, 0, 230
454, 1, 0, 230
456, -1, 0, 230
456, -1, 0, 230
454, 1, 0, 230
456, -1, 0, 230
456, -1, 0, 230
454, 1, 0, 230
456, -1, 0, 230
454, 1, 0, 230
456, -1, 0, 230
456, -1, 0, 230
454, 1, 0, 230
454, 1, 0, 230
456, -1, 0, 230
456, -1, 0, 230
454, 1, 0, 230
454, 1, 0, 230
454, 1, 0, 230
456, -1, 0, 230
454, 1, 0, 230
456, -1, 0, 230
454, 1, 0, 230
454, 1, 0, 230
456, -1, 0, 230
454, 1, 0, 230
456, -1, 0, 230
457, -2, 0, 230
454, 1, 0, 230
454, 1, 0, 230
454, 1, 0, 230
454, 1, 0, 230
457, -2, 0, 230
454, 1, 0, 230
454, 1, 0, 230
457, -2, 0, 230
454, 1, 0, 230
457, -2, 0, 230
456, -1, 0, 230
454, 1, 0, 230
456, -1, 0, 230
456, -1, 0, 230
454, 1, 0, 230
456, -1, 0, 230
457, -2, 0, 230
454, 1, 0, 230
456, -1, 0, 230
454, 1, 0, 230
454, 1, 0, 230
456, -1, 0, 230
456, -1, 0, 230
454, 1, 0, 230
456, -1, 0, 230
456, -1, 0, 230
454, 1, 0, 230
456, -1, 0, 230
454, 1, 0, 230
456, -1, 0, 230
456, -1, 0, 230
456, -1, 0, 230
454, 1, 0, 230
457, -2, 0, 230
454, 1, 0, 230
454, 1, 0, 230
457, -2, 0, 230
456, -1, 0, 230
454, 1, 0, 230
456, -1, 0, 230
456, -1, 0, 230
454, 1, 0, 230
456, -1, 0, 230
454, 1, 0, 230
456, -1, 0, 230
457, -2, 0, 230
457, -2, 0, 230
454, 1, 0, 230
456, -1, 0, 230
454, 1, 0, 230
454, 1, 0, 230
454, 1, 0, 230
454, 1, 0, 230
454, 1, 0, 230
454, 1, 0, 230
456, -1, 0, 230
454, 1, 0, 230
456, -1, 0, 230
457, -2, 0, 230
454, 1, 0, 230
456, -1, 0, 230
454, 1, 0, 230
456, -1, 0, 230
457, -2, 0, 230
457, -2, 0, 230
454, 1, 0, 230
454, 1, 0, 230
454, 1, 0, 230
454, 1, 0, 230
454, 1, 0, 230
455, 0, 0, 230
457, -2, 0, 230
457, -2, 0, 230
454, 1, 0, 230
457, -2, 0, 230
456, -1, 0, 230
454, 1, 0, 230
456, -1, 0, 230
454, 1, 0, 230
456, -1, 0, 230
456, -1, 0, 230
454, 1, 0, 230
454, 1, 0, 230
456, -1, 0, 230
456, -1, 0, 230
454, 1, 0, 230
454, 1, 0, 230
454, 1, 0, 230
456, -1, 0, 230
454, 1, 0, 230
456, -1, 0, 230
454, 1, 0, 230
454, 1, 0, 230
456, -1, 0, 230
454, 1, 0, 230
456, -1, 0, 230
457, -2, 0, 230
454, 1, 0, 230
454, 1, 0, 230
454, 1, 0, 230
454, 1, 0, 230
456, -1, 0, 230
454, 1, 0, 230
454, 1, 0, 230
457, -2, 0, 230
454, 1, 0, 230
456, -1, 0, 230
457, -2, 0, 230
454, 1, 0, 230
457, -2, 0, 230
456, -1, 0, 230
454, 1, 0, 230
456, -1, 0, 230
456, -1, 0, 230
454, 1, 0, 230
456, -1, 0, 230
454, 1, 0, 230
454, 1, 0, 230
456, -1, 0, 230
456, -1, 0, 230
454, 1, 0, 230
456, -1, 0, 230
456, -1, 0, 230
454, 1, 0, 230
456, -1, 0, 230
454, 1, 0, 230
456, -1, 0, 230
456, -1, 0, 230
457, -2, 0, 230
454, 1, 0, 230
456, -1, 0, 230
454, 1, 0, 230
454, 1, 0, 230
456, -1, 0, 230
456, -1, 0, 230
454, 1, 0, 230
457, -2, 0, 230
457, -2, 0, 230
454, 1, 0, 230
457, -2, 0, 230
454, 1, 0, 230
456, -1, 0, 230
456, -1, 0, 230
456, -1, 0, 230
454, 1, 0, 230
456, -1, 0, 230
454, 1, 0, 230
454, 1, 0, 230
454, 1, 0, 230
454, 1, 0, 230
454, 1, 0, 230
454, 1, 0, 230
456, -1, 0, 230
454, 1, 0, 230
456, -1, 0, 230
456, -1, 0, 230
454, 1, 0, 230
456, -1, 0, 230
454, 1, 0, 230
456, -1, 0, 230
457, -2, 0, 230
456, -1, 0, 230
454, 1, 0, 230
454, 1, 0, 230
454, 1, 0, 230
454, 1, 0, 230
454, 1, 0, 230
454, 1, 0, 230
456, -1, 0, 230
456, -1, 0, 230
454, 1, 0, 230
456, -1, 0, 230
457, -2, 0, 230
454, 1, 0, 230
457, -2, 0, 230
454, 1, 0, 230
457, -2, 0, 230
456, -1, 0, 230
454, 1, 0, 230
454, 1, 0, 230
456, -1, 0, 230
456, -1, 0, 230
454, 1, 0, 230
454, 1, 0, 230
454, 1, 0, 230
456, -1, 0, 230
454, 1, 0, 230
456, -1, 0, 230
454, 1, 0, 230
454, 1, 0, 230
456, -1, 0, 230
454, 1, 0, 230
456, -1, 0, 230
456, -1, 0, 230
454, 1, 0, 230
454, 1, 0, 230
454, 1, 0, 230
454, 1, 0, 230
456, -1, 0, 230
454, 1, 0, 230
454, 1, 0, 230
457, -2, 0, 230
454, 1, 0, 230
456, -1, 0, 230
456, -1, 0, 230
454, 1, 0, 230
456, -1, 0, 230
457, -2, 0, 230
454, 1, 0, 230
457, -2, 0, 230
457, -2, 0, 230
454, 1, 0, 230
456, -1, 0, 230
454, 1, 0, 230
454, 1, 0, 230
456, -1, 0, 230
456, -1, 0, 230
454, 1, 0, 230
456, -1, 0, 230
456, -1, 0, 230
454, 1, 0, 230
456, -1, 0, 230
454, 1, 0, 230
456, -1, 0, 230
456, -1, 0, 230
456, -1, 0, 230
454, 1, 0, 230
456, -1, 0, 230
454, 1, 0, 230
454, 1, 0, 230
456, -1, 0, 230
456, -1, 0, 230
454, 1, 0, 230
456, -1, 0, 230
456, -1, 0, 230
454, 1, 0, 230
457, -2, 0, 230
454, 1, 0, 230
457, -2, 0, 230
457, -2, 0, 230
457, -2, 0, 230
454, 1, 0, 230
456, -1, 0, 230
454, 1, 0, 230
454, 1, 0, 230
454, 1, 0, 230
454, 1, 0, 230
454, 1, 0, 230
454, 1, 0, 230
456, -1, 0, 230
454, 1, 0, 230
456, -1, 0, 230
456, -1, 0, 230
454, 1, 0, 230
456, -1, 0, 230
454, 1, 0, 230
456, -1, 0, 230
456, -1, 0, 230
456, -1, 0, 230
454, 1, 0, 230
454, 1, 0, 230
454, 1, 0, 230
454, 1, 0, 230
454, 1, 0, 230
454, 1, 0, 230
456, -1, 0, 230
456, -1, 0, 230
454, 1, 0, 230
457, -2, 0, 230
456, -1, 0, 230
454, 1, 0, 230
456, -1, 0, 230
454, 1, 0, 230
457, -2, 0, 230
457, -2, 0, 230
454, 1, 0, 230
454, 1, 0, 230
456, -1, 0, 230
456, -1, 0, 230
454, 1, 0, 230
454, 1, 0, 230
454, 1, 0, 230
456, -1, 0, 230
454, 1, 0, 230
456, -1, 0, 230
454, 1, 0, 230
454, 1, 0, 230
456, -1, 0, 230
454, 1, 0, 230
456, -1, 0, 230
456, -1, 0, 230
454, 1, 0, 230
454, 1, 0, 230
454, 1, 0, 230
454, 1, 0, 230
456, -1, 0, 230
454, 1, 0, 230
454, 1, 0, 230
456, -1, 0, 230
454, 1, 0, 230
456, -1, 0, 230
456, -1, 0, 230
454, 1, 0, 230
456, -1, 0, 230
456, -1, 0, 230
454, 1, 0, 230
456, -1, 0, 230
456, -1, 0, 230
454, 1, 0, 230
456, -1, 0, 230
454, 1, 0, 230
454, 1, 0, 230
456, -1, 0, 230
457, -2, 0, 230
454, 1, 0, 230
456, -1, 0, 230
456, -1, 0, 230
454, 1, 0, 230
456, -1, 0, 230
454, 1, 0, 230
456, -1, 0, 230
456, -1, 0, 230
456, -1, 0, 230
454, 1, 0, 230
456, -1, 0, 230
454, 1, 0, 230
454, 1, 0, 230
456, -1, 0, 230
456, -1, 0, 230
454, 1, 0, 230
456, -1, 0, 230
456, -1, 0, 230
454, 1, 0, 230
456, -1, 0, 230
454, 1, 0, 230
456, -1, 0, 230
456, -1, 0, 230
456, -1, 0, 230
454, 1, 0, 230
456, -1, 0, 230
454, 1, 0, 230
454, 1, 0, 230
454, 1, 0, 230
454, 1, 0, 230
454, 1, 0, 230
454, 1, 0, 230
457, -2, 0, 230
454, 1, 0, 230
456, -1, 0, 230
456, -1, 0, 230
454, 1, 0, 230
456, -1, 0, 230
454, 1, 0, 230
456, -1, 0, 230
456, -1, 0, 230
456, -1, 0, 230
454, 1, 0, 230
454, 1, 0, 230
454, 1, 0, 230
454, 1, 0, 230
454, 1, 0, 230
454, 1, 0, 230
456, -1, 0, 230
456, -1, 0, 230
454, 1, 0, 230
456, -1, 0, 230
456, -1, 0, 230
454, 1, 0, 230
456, -1, 0, 230
454, 1, 0, 230
456, -1, 0, 230
456, -1, 0, 230
454, 1, 0, 230
454, 1, 0, 230
456, -1, 0, 230
456, -1, 0, 230
454, 1, 0, 230
454, 1, 0, 230
454, 1, 0, 230
456, -1, 0, 230
454, 1, 0, 230
456, -1, 0, 230
454, 1, 0, 230
454, 1, 0, 230
456, -1, 0, 230
454, 1, 0, 230
456, -1, 0, 230
456, -1, 0, 230
454, 1, 0, 230
454, 1, 0, 230
454, 1, 0, 230
454, 1, 0, 230
456, -1, 0, 230
454, 1, 0, 230
454, 1, 0, 230
456, -1, 0, 230
454, 1, 0, 230
456, -1, 0, 230
456, -1, 0, 230
454, 1, 0, 230
456, -1, 0, 230
456, -1, 0, 230
454, 1, 0, 230
456, -1, 0, 230
456, -1, 0, 230
454, 1, 0, 230
456, -1, 0, 230
454, 1, 0, 230
454, 1, 0, 230
456, -1, 0, 230
456, -1, 0, 230
454, 1, 0, 230
456, -1, 0, 230
456, -1, 0, 230
454, 1, 0, 230
456, -1, 0, 230
454, 1, 0, 230
456, -1, 0, 230
456, -1, 0, 230
456, -1, 0, 230
454, 1, 0, 230
456, -1, 0, 230
454, 1, 0, 230
454, 1, 0, 230
456, -1, 0, 230
456, -1, 0, 230
454, 1, 0, 230
456, -1, 0, 230
456, -1, 0, 230
454, 1, 0, 230
456, -1, 0, 230
454, 1, 0, 230
456, -1