--- Terminal on /dev/cu.usbmodem11301 | 9600 8-N-1
--- Available filters and text transformations: colorize, debug, default, direct, hexlify, log2file, nocontrol, printable, send_on_enter, time
--- More details at https://bit.ly/pio-monitor-filters
--- Quit: Ctrl+C | Menu: Ctrl+T | Help: Ctrl+T followed by Ctrl+H
boot
delta, voltage
409, 409, 46
182, 182, 273
90, 90, 365
92, 92, 363
112, 112, 343
109, 109, 346
70, 70, 385
21, 21, 434
-18, 18, -48, 48, -76, 76, -100, 100, -109, 109, -125, 125, -130, 130, -142, 142, -147, 147, -156, 156, -165, 165, -172, 172, -169, 169, -173, 173, -175, 175, -177, 177, -180, 180, -184, 184, -186, 186, -190, 190, -185, 185, -193, 193, -187, 187, -194, 194, -189, 189, -196, 196, -190, 190, -197, 197, -191, 191, -189, 189, -192, 192, -198, 198, -192, 192, -199, 199, -193, 193, -200, 200, -193, 193, -200, 200, -194, 194, -200, 200, -194, 194, -200, 200, -194, 194, -201, 201, -194, 194, -201, 201, -195, 195, -201, 201, -195, 195, -201, 201, -195, 195, -202, 202, -195, 195, -202, 202, -196, 196, -202, 202, -196, 196, -202, 202, -196, 196, -202, 202, -196, 196, -202, 202, -197, 197, -203, 203, -200, 200, -203, 203, -197, 197, -203, 203, -197, 197, -203, 203, -197, 197, -203, 203, -197, 197, -203, 203, -197, 197, -204, 204, -197, 197, -203, 203, -198, 198, -204, 204, -198, 198, -204, 204, -198, 198, -204, 204, -198, 198, -205, 205, -198, 198, -204, 204, -198, 198, -205, 205, -198, 198, -205, 205, -198, 198, -196, 196, -199, 199, -205, 205, -199, 199, -205, 205, -199, 199, -205, 205, -199, 199, -205, 205, -199, 199, -205, 205, -200, 200, -206, 206, -200, 200, -206, 206, -199, 199, -206, 206, -200, 200, -206, 206, -200, 200, -206, 206, -200, 200, -206, 206, -200, 200, -206, 206, -200, 200, -206, 206, -201, 201, -207, 207, -200, 200, -207, 207, -200, 200, -207, 207, -201, 201, -207, 207, -204, 204, -207, 207, -201, 201, -207, 207, -201, 201, -208, 208, -201, 201, -207, 207, -201, 201, -208, 208, -201, 201, -207, 207, -201, 201, -208, 208, -201, 201, -207, 207, -201, 201, -208, 208, -202, 202, -208, 208, -202, 202, -208, 208, -202, 202, -208, 208, -202, 202, -208, 208, -202, 202, -209, 209, -202, 202, -200, 200, -202, 202, -208, 208, -202, 202, -209, 209, -202, 202, -209, 209, -202, 202, -209, 209, -203, 203, -209, 209, -202, 202, -209, 209, -202, 202, -209, 209, -203, 203, -209, 209, -203, 203, -209, 209, -203, 203, -209, 209, -203, 203, -210, 210, -203, 203, -210, 210, -203, 203, -209, 209, -203, 203, -210, 210, -203, 203, -210, 210, -204, 204, -210, 210, -204, 204, -210, 210, -207, 207, -210, 210, -203, 203, -210, 210, -204, 204, -210, 210, -204, 204, -210, 210, -204, 204, -210, 210, -204, 204, -211, 211, -204, 204, -210, 210, -204, 204, -210, 210, -204, 204, -211, 211, -204, 204, -211, 211, -205, 205, -211, 211, -205, 205, -211, 211, -205, 205, -211, 211, -204, 204, -211, 211, -205, 205, -203, 203, -205, 205, -211, 211, -205, 205, -211, 211, -205, 205, -211, 211, -205, 205, -211, 211, -205, 205, -212, 212, -205, 205, -212, 212, -205, 205, -212, 212, -205, 205, -211, 211, -206, 206, -212, 212, -206, 206, -212, 212, -205, 205, -212, 212, -206, 206, -212, 212, -206, 206, -212, 212, -206, 206, -212, 212, -206, 206, -213, 213, -206, 206, -212, 212, -206, 206, -213, 213, -209, 209, -213, 213, -206, 206, -213, 213, -206, 206, -212, 212, -206, 206, -213, 213, -206, 206, -213, 213, -206, 206, -213, 213, -206, 206, -213, 213, -207, 207, -213, 213, -207, 207, -213, 213, -208, 208, -214, 214, -208, 208, -214, 214, -209, 209, -215, 215, -209, 209, -215, 215, -209, 209, -215, 215, -209, 209, -206, 206, -208, 208, -214, 214, -204, 204, -230, 230, -178, 178, -137, 137, -92, 92, -67, 67, -34, 34, -7, 7, 12, 12, 443
38, 38, 417
55, 55, 400
74, 74, 381
82, 82, 373
101, 101, 354
125, 125, 330
209, 209, 246
215, 215, 240
191, 191, 264
186, 186, 269
255, 255, 200
230, 230, 225
208, 208, 247
274, 274, 181
243, 243, 212
222, 222, 233
279, 279, 176
235, 235, 220
221, 221, 234
267, 267, 188
222, 222, 233
288, 288, 167
273, 273, 182
229, 229, 226
290, 290, 165
249, 249, 206
230, 230, 225
274, 274, 181
228, 228, 227
292, 292, 163
275, 275, 180
234, 234, 221
293, 293, 162
247, 247, 208
230, 230, 225
274, 274, 181
223, 223, 232
288, 288, 167
269, 269, 186
232, 232, 223
289, 289, 166
245, 245, 210
228, 228, 227
269, 269, 186
224, 224, 231
289, 289, 166
271, 271, 184
232, 232, 223
291, 291, 164
247, 247, 208
230, 230, 225
270, 270, 185
224, 224, 231
289, 289, 166
271, 271, 184
232, 232, 223
291, 291, 164
246, 246, 209
230, 230, 225
270, 270, 185
224, 224, 231
288, 288, 167
270, 270, 185
232, 232, 223
291, 291, 164
246, 246, 209
230, 230, 225
270, 270, 185
224, 224, 231
288, 288, 167
270, 270, 185
232, 232, 223
291, 291, 164
246, 246, 209
230, 230, 225
270, 270, 185
224, 224, 231
288, 288, 167
270, 270, 185
232, 232, 223
291, 291, 164
246, 246, 209
228, 228, 227
270, 270, 185
224, 224, 231
289, 289, 166
271, 271, 184
233, 233, 222
291, 291, 164
247, 247, 208
230, 230, 225
270, 270, 185
224, 224, 231
288, 288, 167
269, 269, 186
232, 232, 223
291, 291, 164
246, 246, 209
230, 230, 225
274, 274, 181
224, 224, 231
288, 288, 167
269, 269, 186
232, 232, 223
290, 290, 165
246, 246, 209
230, 230, 225
269, 269, 186
224, 224, 231
288, 288, 167
270, 270, 185
232, 232, 223
291, 291, 164
247, 247, 208
230, 230, 225
269, 269, 186
224, 224, 231
2