--- Terminal on /dev/cu.usbmodem11301 | 9600 8-N-1
--- Available filters and text transformations: colorize, debug, default, direct, hexlify, log2file, nocontrol, printable, send_on_enter, time
--- More details at https://bit.ly/pio-monitor-filters
--- Quit: Ctrl+C | Menu: Ctrl+T | Help: Ctrl+T followed by Ctrl+H
boot
voltage, v_delta, correction
39, 416, 41
44, 411, 41
48, 407, 40
51, 404, 40
53, 402, 40
56, 399, 39
58, 397, 39
60, 395, 39
63, 392, 39
65, 390, 39
67, 388, 38
70, 385, 38
72, 383, 38
75, 380, 38
77, 378, 37
79, 376, 37
81, 374, 37
83, 372, 37
85, 370, 37
87, 368, 36
90, 365, 36
92, 363, 36
94, 361, 36
96, 359, 35
98, 357, 35
101, 354, 35
103, 352, 35
105, 350, 35
108, 347, 34
110, 345, 34
112, 343, 34
114, 341, 34
117, 338, 33
119, 336, 33
121, 334, 33
124, 331, 33
126, 329, 32
129, 326, 32
131, 324, 32
134, 321, 32
136, 319, 31
139, 316, 31
142, 313, 31
144, 311, 31
146, 309, 30
149, 306, 30
151, 304, 30
153, 302, 30
156, 299, 29
158, 297, 29
160, 295, 29
162, 293, 29
164, 291, 29
167, 288, 28
169, 286, 28
171, 284, 28
173, 282, 28
176, 279, 27
177, 278, 27
179, 276, 27
181, 274, 27
183, 272, 27
186, 269, 26
188, 267, 26
190, 265, 26
192, 263, 26
194, 261, 26
196, 259, 25
198, 257, 25
200, 255, 25
201, 254, 25
204, 251, 25
206, 249, 24
208, 247, 24
210, 245, 24
212, 243, 24
214, 241, 24
216, 239, 23
218, 237, 23
220, 235, 23
222, 233, 23
224, 231, 23
225, 230, 23
227, 228, 22
229, 226, 22
231, 224, 22
233, 222, 22
235, 220, 22
237, 218, 21
239, 216, 21
241, 214, 21
243, 212, 21
245, 210, 21
246, 209, 20
249, 206, 20
251, 204, 20
253, 202, 20
254, 201, 20
256, 199, 19
258, 197, 19
260, 195, 19
261, 194, 19
264, 191, 19
266, 189, 18
267, 188, 18
270, 185, 18
271, 184, 18
273, 182, 18
275, 180, 18
276, 179, 17
278, 177, 17
280, 175, 17
281, 174, 17
283, 172, 17
286, 169, 16
287, 168, 16
289, 166, 16
291, 164, 16
293, 162, 16
295, 160, 16
297, 158, 15
297, 158, 15
300, 155, 15
301, 154, 15
303, 152, 15
305, 150, 15
307, 148, 14
309, 146, 14
310, 145, 14
311, 144, 14
314, 141, 14
316, 139, 13
317, 138, 13
318, 137, 13
320, 135, 13
322, 133, 13
324, 131, 13
326, 129, 12
327, 128, 12
328, 127, 12
330, 125, 12
331, 124, 12
334, 121, 12
336, 119, 11
337, 118, 11
339, 116, 11
340, 115, 11
343, 112, 11
344, 111, 11
345, 110, 11
347, 108, 10
349, 106, 10
350, 105, 10
352, 103, 10
353, 102, 10
355, 100, 10
357, 98, 9
358, 97, 9
360, 95, 9
362, 93, 9
363, 92, 9
365, 90, 9
365, 90, 9
367, 88, 8
369, 86, 8
371, 84, 8
372, 83, 8
373, 82, 8
375, 80, 8
377, 78, 7
379, 76, 7
380, 75, 7
381, 74, 7
383, 72, 7
384, 71, 7
386, 69, 6
388, 67, 6
391, 64, 6
393, 62, 6
392, 63, 6
394, 61, 6
394, 61, 6
397, 58, 5
399, 56, 5
400, 55, 5
402, 53, 5
403, 52, 5
406, 49, 4
407, 48, 4
408, 47, 4
410, 45, 4
412, 43, 4
413, 42, 4
415, 40, 4
417, 38, 3
418, 37, 3
419, 36, 3
420, 35, 3
423, 32, 3
424, 31, 3
425, 30, 3
427, 28, 2
428, 27, 2
430, 25, 2
432, 23, 2
433, 22, 2
434, 21, 2
436, 19, 1
437, 18, 1
437, 18, 1
437, 18, 1
442, 13, 1
435, 20, 2
435, 20, 2
446, 9, 0
431, 24, 2
425, 30, 3
428, 27, 2
431, 24, 2
435, 20, 2
439, 16, 1
457, -2, 0
458, -3, 0
459, -4, 0
460, -5, 0
461, -6, 0
460, -5, 0
460, -5, 0
435, 20, 2
435, 20, 2
459, -4, 0
435, 20, 2
437, 18, 1
439, 16, 1
443, 12, 1
447, 8, 0
461, -6, 0
448, 7, 0
452, 3, 0
453, 2, 0
453, 2, 0
454, 1, 0
464, -9, 0
450, 5, 0
454, 1, 0
464, -9, 0
450, 5, 0
454, 1, 0
465, -10, -1
451, 4, 0
464, -9, 0
464, -9, 0
447, 8, 0
450, 5, 0
464, -9, 0
450, 5, 0
454, 1, 0
454, 1, 0
464, -9, 0
465, -10, -1
464, -9, 0
443, 12, 1
446, 9, 0
464, -9, 0
464, -9, 0
463, -8, 0
463, -8, 0
438, 17, 1
462, -7, 0
461, -6, 0
436, 19, 1
436, 19, 1
438, 17, 1
440, 15, 1
444, 11, 1
447, 8, 0
452, 3, 0
453, 2, 0
453, 2, 0
463, -8, 0
464, -9, 0
447, 8, 0
464, -9, 0
463, -8, 0
443, 12, 1
463, -8, 0
463, -8, 0
440, 15, 1
442, 13, 1
462, -7, 0
442, 13, 1
462, -7, 0
442, 13, 1
445, 10, 1
448, 7, 0
463, -8, 0
449, 6, 0
464, -9, 0
450, 5, 0
464, -9, 0
464, -9, 0
464, -9, 0
464, -9, 0
463, -8, 0
463, -8, 0
437, 18, 1
461, -6, 0
461, -6, 0
446, 9, 0
460, -5, 0
459, -4, 0
458, -3, 0
454, 1, 0
453, 2, 0
453, 2, 0
456, -1, 0
452, 3, 0
451, 4, 0
440, 15, 1
456, -1, 0
431, 24, 2
433, 22, 2
457, -2, 0
435, 20, 2
438, 17, 1
459, -4, 0
440, 15, 1
460, -5, 0
461, -6, 0
439, 16, 1
461, -6, 0
439, 16, 1
441, 14, 1
461, -6, 0
441, 14, 1
445, 10, 1
462, -7, 0
445, 10, 1
449, 6, 0
463, -8, 0
450, 5, 0
464, -9, 0
464, -9, 0
446, 9, 0
450, 5, 0
454, 1, 0
464, -9, 0
450, 5, 0
464, -9, 0
464, -9, 0
464, -9, 0
464, -9, 0
464, -9, 0
463, -8, 0
438, 17, 1
461, -6, 0
461, -6, 0
446, 9, 0
460, -5, 0
459, -4, 0
458, -3, 0
457, -2, 0
457, -2, 0
453, 2, 0
452, 3, 0
452, 3, 0
455, 0, 0
451, 4, 0
455, 0, 0
455, 0, 0
455, 0, 0
456, -1, 0
441, 14, 1
431, 24, 2
433, 22, 2
457, -2, 0
458, -3, 0
436, 19, 1
459, -4, 0
459, -4, 0
459, -4, 0
459, -4, 0
445, 10, 1
458, -3, 0
458, -3, 0
433, 22, 2
434, 21, 2
458, -3, 0
437, 18, 1
439, 16, 1
443, 12, 1
447, 8, 0
461, -6, 0
462, -7, 0
445, 10, 1
449, 6, 0
463, -8, 0
450, 5, 0
463, -8, 0
464, -9, 0
464, -9, 0
464, -9, 0
463, -8, 0
438, 17, 1
462, -7, 0
462, -7, 0
436, 19, 1
436, 19, 1
438, 17, 1
441, 14, 1
444, 11, 1
448, 7, 0
452, 3, 0
453, 2, 0
453, 2, 0
463, -8, 0
464, -9, 0
447, 8, 0
464, -9, 0
464, -9, 0
443, 12, 1
463, -8, 0
463, -8, 0
440, 15, 1
442, 13, 1
463, -8, 0
442, 13, 1
463, -8, 0
442, 13, 1
446, 9, 0
449, 6, 0
453, 2, 0
454, 1, 0
464, -9, 0
450, 5, 0
464, -9, 0
465, -10, -1
464, -9, 0
464, -9, 0
464, -9, 0
463, -8, 0
438, 17, 1
461, -6, 0
461, -6, 0
446, 9, 0
459, -4, 0
459, -4, 0
458, -3, 0
454, 1, 0
453, 2, 0
453, 2, 0
456, -1, 0
452, 3, 0
452, 3, 0
451, 4, 0
440, 15, 1
456, -1, 0
431, 24, 2
433, 22, 2
457, -2, 0
436, 19, 1
439, 16, 1
459, -4, 0
440, 15, 1
443, 12, 1
461, -6, 0
445, 10, 1
462, -7, 0
462, -7, 0
463, -8, 0
462, -7, 0
462, -7, 0
436, 19, 1
436, 19, 1
438, 17, 1
461, -6, 0
438, 17, 1
441, 14, 1
444, 11, 1
462, -7, 0
445, 10, 1
449, 6, 0
453, 2, 0
463, -8, 0
464, -9, 0
464, -9, 0
443, 12, 1
463, -8, 0
443, 12, 1
446, 9, 0
463, -8, 0
463, -8, 0
463, -8, 0
440, 15, 1
443, 12, 1
445, 10, 1
449, 6, 0
463, -8, 0
464, -9, 0
464, -9, 0
443, 12, 1
446, 9, 0
450, 5, 0
453, 2, 0
464, -9, 0
450, 5, 0
464, -9, 0
464, -9, 0
464, -9, 0
464, -9, 0
464, -9, 0
439, 16, 1
440, 15, 1
462, -7, 0
440, 15, 1
442, 13, 1
445, 10, 1
462, -7, 0
445, 10, 1
449, 6, 0
454, 1, 0
454, 1, 0
454, 1, 0
454, 1, 0
455, 0, 0
455, 0, 0
465, -10, -1
465, -10, -1
448, 7, 0
451, 4, 0
465, -10, -1
451, 4, 0
465, -10, -1
465, -10, -1
465, -10, -1
444, 11, 1
447, 8, 0
450, 5, 0
454, 1, 0
454, 1, 0
465, -10, -1
451, 4, 0
454, 1, 0
455, 0, 0
465, -10, -1
465, -10, -1
447, 8, 0
451, 4, 0
454, 1, 0
465, -10, -1
451, 4, 0
465, -10, -1
465, -10, -1
465, -10, -1
464, -9, 0
464, -9, 0
463, -8, 0
462, -7, 0
448, 7, 0
460, -5, 0
446, 9, 0
435, 20, 2
435, 20, 2
437, 18, 1
460, -5, 0
438, 17, 1
440, 15, 1
461, -6, 0
441, 14, 1
462, -7, 0
442, 13, 1
462, -7, 0
442, 13, 1
445, 10, 1
449, 6, 0
453, 2, 0
453, 2, 0
464, -9, 0
450, 5, 0
454, 1, 0
454, 1, 0
455, 0, 0
455, 0, 0
455, 0, 0
465, -10, -1
465, -10, -1
448, 7, 0
451, 4, 0
465, -10, -1
451, 4, 0
465, -10, -1
465, -10, -1
465, -10, -1
444, 11, 1
447, 8, 0
450, 5, 0
454, 1, 0
455, 0, 0
465, -10, -1
451, 4, 0
455, 0, 0
455, 0, 0
465, -10, -1
465, -10, -1
448, 7, 0
451, 4, 0
455, 0, 0
465, -10, -1
451, 4, 0
465, -10, -1
465, -10, -1
465, -10, -1
465, -10, -1
441, 14, 1
464, -9, 0
463, -8, 0
438, 17, 1
439, 16, 1
442, 13, 1
445, 10, 1
449, 6, 0
463, -8, 0
464, -9, 0
446, 9, 0
450, 5, 0
454, 1, 0
454, 1, 0
454, 1, 0
455, 0, 0
465, -10, -1
465, -10, -1
447, 8, 0
451, 4, 0
455, 0, 0
465, -10, -1
451, 4, 0
465, -10, -1
465, -10, -1
465, -10, -1
464, -9, 0
464, -9, 0
463, -8, 0
463, -8, 0
448, 7, 0
461, -6, 0
446, 9, 0
435, 20, 2
435, 20, 2
437, 18, 1
460, -5, 0
438, 17, 1
440, 15, 1
461, -6, 0
461, -6, 0
462, -7, 0
437, 18, 1
461, -6, 0
437, 18, 1
439, 16, 1
441, 14, 1
461, -6, 0
441, 14, 1
445, 10, 1
448, 7, 0
453, 2, 0
464, -9, 0
464, -9, 0
446, 9, 0
450, 5, 0
454, 1, 0
464, -9, 0
451, 4, 0
455, 0, 0
465, -10, -1
451, 4, 0
465, -10, -1
465, -10, -1
448, 7, 0
465, -10, -1
464, -9, 0
444, 11, 1
464, -9, 0
464, -9, 0
441, 14, 1
463, -8, 0
440, 15, 1
442, 13, 1
463, -8, 0
463, -8, 0
440, 15, 1
462, -7, 0
440, 15, 1
462, -7, 0
462, -7, 0
462, -7, 0
461, -6, 0
446, 9, 0
460, -5, 0
445, 10, 1
459, -4, 0
459, -4, 0
458, -3, 0
454, 1, 0
457, -2, 0
453, 2, 0
456, -1, 0
452, 3, 0
452, 3, 0
456, -1, 0
452, 3, 0
451, 4, 0
455, 0, 0
440, 15, 1
456, -1, 0
456, -1, 0
457, -2, 0
432, 23, 2
457, -2, 0
434, 21, 2
458, -3, 0
459, -4, 0
435, 20, 2
437, 18, 1
440, 15, 1
443, 12, 1
461, -6, 0
462, -7, 0
442, 13, 1
462, -7, 0
462, -7, 0
462, -7, 0
462, -7, 0
461, -6, 0
447, 8, 0
460, -5, 0
460, -5, 0
455, 0, 0
454, 1, 0
457, -2, 0
453, 2, 0
453, 2, 0
452, 3, 0
452, 3, 0
452, 3, 0
456, -1, 0
452, 3, 0
451, 4, 0
440, 15, 1
430, 25, 2
456, -1, 0
457, -2, 0
434, 21, 2
436, 19, 1
439, 16, 1
443, 12, 1
447, 8, 0
461, -6, 0
462, -7, 0
445, 10, 1
463, -8, 0
463, -8, 0
443, 12, 1
446, 9, 0
463, -8, 0
464, -9, 0
463, -8, 0
463, -8, 0
438, 17, 1
462, -7, 0
462, -7, 0
437, 18, 1
437, 18, 1
439, 16, 1
441, 14, 1
461, -6, 0
461, -6, 0
439, 16, 1
462, -7, 0
439, 16, 1
462, -7, 0
462, -7, 0
461, -6, 0
436, 19, 1
436, 19, 1
439, 16, 1
441, 14, 1
444, 11, 1
448, 7, 0
463, -8, 0
449, 6, 0
463, -8, 0
450, 5, 0
464, -9, 0
450, 5, 0
454, 1, 0
465, -10, -1
465, -10, -1
447, 8, 0
451, 4, 0
454, 1, 0
455, 0, 0
455, 0, 0
455, 0, 0
465, -10, -1
451, 4, 0
465, -10, -1
451, 4, 0
455, 0, 0
465, -10, -1
451, 4, 0
465, -10, -1
466, -11, -1
448, 7, 0
465, -10, -1
465, -10, -1
464, -9, 0
442, 13, 1
443, 12, 1
463, -8, 0
443, 12, 1
446, 9, 0
463, -8, 0
446, 9, 0
464, -9, 0
447, 8, 0
450, 5, 0
454, 1, 0
464, -9, 0
465, -10, -1
447, 8, 0
451, 4, 0
465, -10, -1
465, -10, -1
447, 8, 0
450, 5, 0
464, -9, 0
465, -10, -1
465, -10, -1
464, -9, 0
464, -9, 0
463, -8, 0
463, -8, 0
448, 7, 0
436, 19, 1
436, 19, 1
460, -5, 0
460, -5, 0
460, -5, 0
446, 9, 0
459, -4, 0
459, -4, 0
458, -3, 0
458, -3, 0
457, -2, 0
453, 2, 0
452, 3, 0
452, 3, 0
452, 3, 0
452, 3, 0
452, 3, 0
455, 0, 0
455, 0, 0
455, 0, 0
455, 0, 0
451, 4, 0
440, 15, 1
430, 25, 2
456, -1, 0
433, 22, 2
436, 19, 1
438, 17, 1
443, 12, 1
447, 8, 0
461, -6, 0
448, 7, 0
453, 2, 0
453, 2, 0
454, 1, 0
454, 1, 0
464, -9, 0
450, 5, 0
455, 0, 0
455, 0, 0
455, 0, 0
465, -10, -1
465, -10, -1
465, -10, -1
464, -9, 0
442, 13, 1
443, 12, 1
463, -8, 0
463, -8, 0
441, 14, 1
442, 13, 1
463, -8, 0
443, 12, 1
463, -8, 0
443, 12, 1
446, 9, 0
449, 6, 0
453, 2, 0
454, 1, 0
464, -9, 0
451, 4, 0
465, -10, -1
451, 4, 0
455, 0, 0
465, -10, -1
465, -10, -1
465, -10, -1
444, 11, 1
447, 8, 0
450, 5, 0
454, 1, 0
465, -10, -1
451, 4, 0
455, 0, 0
465, -10, -1
465, -10, -1
465, -10, -1
445, 10, 1
447, 8, 0
450, 5, 0
455, 0, 0
455, 0, 0
455, 0, 0
455, 0, 0
455, 0, 0
465, -10, -1
465, -10, -1
448, 7, 0
451, 4, 0
465, -10, -1
451, 4, 0
465, -10, -1
465, -10, -1
465, -10, -1
444, 11, 1
447, 8, 0
450, 5, 0
454, 1, 0
455, 0, 0
465, -10, -1
451, 4, 0
455, 0, 0
455, 0, 0
465, -10, -1
465, -10, -1
448, 7, 0
451, 4, 0
455, 0, 0
465, -10, -1
451, 4, 0
465, -10, -1
465, -10, -1
465, -10, -1
465, -10, -1
442, 13, 1
464, -9, 0
463, -8, 0
439, 16, 1
440, 15, 1
462, -7, 0
440, 15, 1
442, 13, 1
445, 10, 1
449, 6, 0
463, -8, 0
463, -8, 0
464, -9, 0
444, 11, 1
446, 9, 0
464, -9, 0
464, -9, 0
464, -9, 0
463, -8, 0
439, 16, 1
462, -7, 0
