--- Terminal on /dev/cu.usbmodem11301 | 9600 8-N-1
--- Available filters and text transformations: colorize, debug, default, direct, hexlify, log2file, nocontrol, printable, send_on_enter, time
--- More details at https://bit.ly/pio-monitor-filters
--- Quit: Ctrl+C | Menu: Ctrl+T | Help: Ctrl+T followed by Ctrl+H
boot
 voltage, error, delta_t, cum_error, rate_error, correction, OCR1A
30, 425, 10, 4250, 42, 17, 16
31, 424, 21, 13154, 0, 16, 33
38, 417, 33, 26915, 0, 16, 49
50, 405, 32, 39875, 0, 16, 65
63, 392, 33, 52811, 0, 15, 81
80, 375, 31, 64436, 0, 15, 96
98, 357, 33, 76217, 0, 14, 111
119, 336, 33, 87305, 0, 13, 125
138, 317, 35, 98400, 0, 12, 138
160, 295, 34, 108430, 0, 11, 150
182, 273, 35, 117985, 0, 10, 161
204, 251, 35, 126770, 0, 10, 171
225, 230, 36, 135050, 0, 9, 181
244, 211, 34, 142224, 0, 8, 190
265, 190, 35, 148874, 0, 7, 198
282, 173, 34, 154756, 0, 6, 205
301, 154, 34, 159992, 0, 6, 211
316, 139, 34, 164718, 0, 5, 217
334, 121, 35, 168953, 0, 4, 222
349, 106, 34, 172557, 0, 4, 226
365, 90, 35, 175707, 0, 3, 230
379, 76, 32, 178139, 0, 3, 233
393, 62, 34, 180247, 0, 2, 236
406, 49, 33, 181864, 0, 1, 238
418, 37, 34, 183122, 0, 1, 239
429, 26, 32, 183954, 0, 1, 240
440, 15, 34, 184464, 0, 0, 241
451, 4, 33, 184596, 0, 0, 241
459, -4, 33, 184464, 0, 0, 241
468, -13, 33, 184035, 0, 0, 241
479, -24, 34, 183219, 0, 0, 241
486, -31, 34, 182165, 0, -1, 241
494, -39, 36, 180761, 0, -1, 240
502, -47, 35, 179116, 0, -1, 239
510, -55, 36, 177136, 0, -2, 238
517, -62, 34, 175028, 0, -2, 236
524, -69, 36, 172544, 0, -2, 234
530, -75, 36, 169844, 0, -3, 232
536, -81, 35, 167009, 0, -3, 229
541, -86, 36, 163913, 0, -3, 226
545, -90, 35, 160763, 0, -3, 223
549, -94, 35, 157473, 0, -3, 220
553, -98, 35, 154043, 0, -3, 217
556, -101, 36, 150407, 0, -4, 214
561, -106, 36, 146591, 0, -4, 210
562, -107, 37, 142632, 0, -4, 206
566, -111, 36, 138636, 0, -4, 202
566, -111, 37, 134529, 0, -4, 198
569, -114, 35, 130539, 0, -4, 194
569, -114, 37, 126321, 0, -4, 190
571, -116, 37, 122029, 0, -4, 186
570, -115, 36, 117889, 0, -4, 182
571, -116, 37, 113597, 0, -4, 178
569, -114, 36, 109493, 0, -4, 174
570, -115, 36, 105353, 0, -4, 170
568, -113, 36, 101285, 0, -4, 166
568, -113, 37, 97104, 0, -4, 162
567, -112, 35, 93184, 0, -4, 158
565, -110, 36, 89224, 0, -4, 154
563, -108, 35, 85444, 0, -4, 150
561, -106, 36, 81628, 0, -4, 146
558, -103, 34, 78126, 0, -4, 142
555, -100, 36, 74526, 0, -4, 138
552, -97, 36, 71034, 0, -3, 134
548, -93, 34, 67872, 0, -3, 131
546, -91, 35, 64687, 0, -3, 128
541, -86, 33, 61849, 0, -3, 125
540, -85, 35, 58874, 0, -3, 122
535, -80, 34, 56154, 0, -3, 119
529, -74, 35, 53564, 0, -2, 116
528, -73, 34, 51082, 0, -2, 114
530, -75, 34, 48532, 0, -3, 112
521, -66, 34, 46288, 0, -2, 109
517, -62, 35, 44118, 0, -2, 107
513, -58, 34, 42146, 0, -2, 105
510, -55, 35, 40221, 0, -2, 103
505, -50, 33, 38571, 0, -2, 101
502, -47, 35, 36926, 0, -1, 99
498, -43, 33, 35507, 0, -1, 98
495, -40, 34, 34147, 0, -1, 97
491, -36, 33, 32959, 0, -1, 96
487, -32, 33, 31903, 0, -1, 95
484, -29, 33, 30946, 0, -1, 94
480, -25, 34, 30096, 0, -1, 93
477, -22, 33, 29370, 0, 0, 92
473, -18, 32, 28794, 0, 0, 92
470, -15, 32, 28314, 0, 0, 92
467, -12, 33, 27918, 0, 0, 92
464, -9, 32, 27630, 0, 0, 92
461, -6, 31, 27444, 0, 0, 92
458, -3, 31, 27351, 0, 0, 92
455, 0, 32, 27351, 0, 0, 92
452, 3, 30, 27441, 0, 0, 92
449, 6, 30, 27621, 0, 0, 92
446, 9, 30, 27891, 0, 0, 92
444, 11, 30, 28221, 0, 0, 92
441, 14, 31, 28655, 0, 0, 92
438, 17, 31, 29182, 0, 0, 92
436, 19, 32, 29790, 0, 0, 92
433, 22, 31, 30472, 0, 0, 92
431, 24, 31, 31216, 0, 0, 92
428, 27, 31, 32053, 0, 1, 92
426, 29, 32, 32981, 0, 1, 93
424, 31, 31, 33942, 0, 1, 94
422, 33, 31, 34965, 0, 1, 95
420, 35, 31, 36050, 0, 1, 96
418, 37, 32, 37234, 0, 1, 97
416, 39, 31, 38443, 0, 1, 98
414, 41, 31, 39714, 0, 1, 99
413, 42, 31, 41016, 0, 1, 100
410, 45, 32, 42456, 0, 1, 101
409, 46, 33, 43974, 0, 1, 102
408, 47, 31, 45431, 0, 1, 103
407, 48, 33, 47015, 0, 1, 104
405, 50, 32, 48615, 0, 2, 105
404, 51, 33, 50298, 0, 2, 107
403, 52, 31, 51910, 0, 2, 109
408, 47, 33, 53461, 0, 1, 111
402, 53, 32, 55157, 0, 2, 112
400, 55, 33, 56972, 0, 2, 114
401, 54, 31, 58646, 0, 2, 116
403, 52, 33, 60362, 0, 2, 118
401, 54, 32, 62090, 0, 2, 120
403, 52, 33, 63806, 0, 2, 122
402, 53, 31, 65449, 0, 2, 124
404, 51, 33, 67132, 0, 2, 126
403, 52, 32, 68796, 0, 2, 128
406, 49, 33, 70413, 0, 1, 130
405, 50, 31, 71963, 0, 2, 131
408, 47, 33, 73514, 0, 1, 133
407, 48, 32, 75050, 0, 1, 134
410, 45, 33, 76535, 0, 1, 135
410, 45, 31, 77930, 0, 1, 136
412, 43, 33, 79349, 0, 1, 137
412, 43, 32, 80725, 0, 1, 138
415, 40, 33, 82045, 0, 1, 139
415, 40, 31, 83285, 0, 1, 140
418, 37, 33, 84506, 0, 1, 141
418, 37, 32, 85690, 0, 1, 142
420, 35, 33, 86845, 0, 1, 143
422, 33, 31, 87868, 0, 1, 144
425, 30, 32, 88828, 0, 1, 145
425, 30, 33, 89818, 0, 1, 146
428, 27, 32, 90682, 0, 1, 147
428, 27, 32, 91546, 0, 1, 148
432, 23, 32, 92282, 0, 0, 149
432, 23, 33, 93041, 0, 0, 149
435, 20, 32, 93681, 0, 0, 149
435, 20, 32, 94321, 0, 0, 149
438, 17, 32, 94865, 0, 0, 149
438, 17, 33, 95426, 0, 0, 149
441, 14, 32, 95874, 0, 0, 149
441, 14, 32, 96322, 0, 0, 149
444, 11, 32, 96674, 0, 0, 149
444, 11, 33, 97037, 0, 0, 149
447, 8, 32, 97293, 0, 0, 149
448, 7, 31, 97510, 0, 0, 149
449, 6, 31, 97696, 0, 0, 149
450, 5, 32, 97856, 0, 0, 149
451, 4, 31, 97980, 0, 0, 149
453, 2, 31, 98042, 0, 0, 149
454, 1, 31, 98073, 0, 0, 149
455, 0, 32, 98073, 0, 0, 149
456, -1, 31, 98042, 0, 0, 149
455, 0, 32, 98042, 0, 0, 149
456, -1, 31, 98011, 0, 0, 149
459, -4, 32, 97883, 0, 0, 149
458, -3, 33, 97784, 0, 0, 149
461, -6, 31, 97598, 0, 0, 149
460, -5, 33, 97433, 0, 0, 149
462, -7, 32, 97209, 0, 0, 149
462, -7, 33, 96978, 0, 0, 149
464, -9, 31, 96699, 0, 0, 149
463, -8, 33, 96435, 0, 0, 149
466, -11, 32, 96083, 0, 0, 149
466, -11, 34, 95709, 0, 0, 149
467, -12, 32, 95325, 0, 0, 149
468, -13, 34, 94883, 0, 0, 149
468, -13, 33, 94454, 0, 0, 149
469, -14, 34, 93978, 0, 0, 149
470, -15, 33, 93483, 0, 0, 149
470, -15, 33, 92988, 0, 0, 149
471, -16, 33, 92460, 0, 0, 149
472, -17, 34, 91882, 0, 0, 149
472, -17, 33, 91321, 0, 0, 149
473, -18, 33, 90727, 0, 0, 149
473, -18, 33, 90133, 0, 0, 149
474, -19, 34, 89487, 0, 0, 149
474, -19, 33, 88860, 0, 0, 149
475, -20, 34, 88180, 0, 0, 149
475, -20, 32, 87540, 0, 0, 149
476, -21, 34, 86826, 0, 0, 149
476, -21, 33, 86133, 0, 0, 149
477, -22, 34, 85385, 0, 0, 149
477, -22, 32, 84681, 0, 0, 149
478, -23, 34, 83899, 0, 0, 149
478, -23, 33, 83140, 0, 0, 149
479, -24, 34, 82324, 0, 0, 149
479, -24, 33, 81532, 0, 0, 149
480, -25, 33, 80707, 0, -1, 149
478, -23, 34, 79925, 0, 0, 148
478, -23, 34, 79143, 0, 0, 148
479, -24, 33, 78351, 0, 0, 148
479, -24, 34, 77535, 0, 0, 148
479, -24, 32, 76767, 0, 0, 148
480, -25, 34, 75917, 0, -1, 148
481, -26, 34, 75033, 0, -1, 147
480, -25, 35, 74158, 0, -1, 146
481, -26, 34, 73274, 0, -1, 145
480, -25, 34, 72424, 0, -1, 144
481, -26, 34, 71540, 0, -1, 143
479, -24, 35, 70700, 0, 0, 142
479, -24, 33, 69908, 0, 0, 142
479, -24, 33, 69116, 0, 0, 142
478, -23, 33, 68357, 0, 0, 142
478, -23, 34, 67575, 0, 0, 142
478, -23, 33, 66816, 0, 0, 142
478, -23, 34, 66034, 0, 0, 142
478, -23, 32, 65298, 0, 0, 142
478, -23, 34, 64516, 0, 0, 142
478, -23, 33, 63757, 0, 0, 142
477, -22, 34, 63009, 0, 0, 142
477, -22, 32, 62305, 0, 0, 142
477, -22, 34, 61557, 0, 0, 142
477, -22, 33, 60831, 0, 0, 142
477, -22, 34, 60083, 0, 0, 142
477, -22, 33, 59357, 0, 0, 142
476, -21, 33, 58664, 0, 0, 142
476, -21, 33, 57971, 0, 0, 142
476, -21, 34, 57257, 0, 0, 142
476, -21, 33, 56564, 0, 0, 142
476, -21, 34, 55850, 0, 0, 142
476, -21, 32, 55178, 0, 0, 142
476, -21, 34, 54464, 0, 0, 142
475, -20, 33, 53804, 0, 0, 142
475, -20, 34, 53124, 0, 0, 142
475, -20, 32, 52484, 0, 0, 142
475, -20, 34, 51804, 0, 0, 142
475, -20, 33, 51144, 0, 0, 142
475, -20, 34, 50464, 0, 0, 142
475, -20, 33, 49804, 0, 0, 142
475, -20, 33, 49144, 0, 0, 142
475, -20, 33, 48484, 0, 0, 142
475, -20, 34, 47804, 0, 0, 142
474, -19, 33, 47177, 0, 0, 142
474, -19, 33, 46550, 0, 0, 142
474, -19, 33, 45923, 0, 0, 142
474, -19, 34, 45277, 0, 0, 142
474, -19, 33, 44650, 0, 0, 142
474, -19, 34, 44004, 0, 0, 142
474, -19, 32, 43396, 0, 0, 142
474, -19, 34, 42750, 0, 0, 142
474, -19, 33, 42123, 0, 0, 142
474, -19, 34, 41477, 0, 0, 142
474, -19, 32, 40869, 0, 0, 142
474, -19, 34, 40223, 0, 0, 142
474, -19, 33, 39596, 0, 0, 142
474, -19, 34, 38950, 0, 0, 142
474, -19, 33, 38323, 0, 0, 142
473, -18, 33, 37729, 0, 0, 142
473, -18, 33, 37135, 0, 0, 142
473, -18, 34, 36523, 0, 0, 142
473, -18, 33, 35929, 0, 0, 142
473, -18, 33, 35335, 0, 0, 142
473, -18, 33, 34741, 0, 0, 142
473, -18, 34, 34129, 0, 0, 142
473, -18, 33, 33535, 0, 0, 142
473, -18, 34, 32923, 0, 0, 142
473, -18, 32, 32347, 0, 0, 142
473, -18, 34, 31735, 0, 0, 142
473, -18, 33, 31141, 0, 0, 142
473, -18, 34, 30529, 0, 0, 142
473, -18, 32, 29953, 0, 0, 142
473, -18, 34, 29341, 0, 0, 142
473, -18, 33, 28747, 0, 0, 142
473, -18, 34, 28135, 0, 0, 142
473, -18, 33, 27541, 0, 0, 142
473, -18, 33, 26947, 0, 0, 142
473, -18, 33, 26353, 0, 0, 142
473, -18, 34, 25741, 0, 0, 142
473, -18, 33, 25147, 0, 0, 142
472, -17, 34, 24569, 0, 0, 142
472, -17, 32, 24025, 0, 0, 142
473, -18, 34, 23413, 0, 0, 142
472, -17, 33, 22852, 0, 0, 142
472, -17, 34, 22274, 0, 0, 142
472, -17, 32, 21730, 0, 0, 142
472, -17, 34, 21152, 0, 0, 142
472, -17, 33, 20591, 0, 0, 142
472, -17, 34, 20013, 0, 0, 142
472, -17, 33, 19452, 0, 0, 142
472, -17, 33, 18891, 0, 0, 142
472, -17, 33, 18330, 0, 0, 142
472, -17, 34, 17752, 0, 0, 142
472, -17, 33, 17191, 0, 0, 142
472, -17, 33, 16630, 0, 0, 142
472, -17, 33, 16069, 0, 0, 142
472, -17, 34, 15491, 0, 0, 142
472, -17, 33, 14930, 0, 0, 142
472, -17, 34, 14352, 0, 0, 142
472, -17, 32, 13808, 0, 0, 142
472, -17, 34, 13230, 0, 0, 142
472, -17, 33, 12669, 0, 0, 142
472, -17, 34, 12091, 0, 0, 142
472, -17, 32, 11547, 0, 0, 142
472, -17, 34, 10969, 0, 0, 142
472, -17, 33, 10408, 0, 0, 142
472, -17, 34, 9830, 0, 0, 142
474, -19, 32, 9222, 0, 0, 142
472, -17, 32, 8678, 0, 0, 142
474, -19, 32, 8070, 0, 0, 142
472, -17, 33, 7509, 0, 0, 142
474, -19, 32, 6901, 0, 0, 142
472, -17, 32, 6357, 0, 0, 142
474, -19, 32, 5749, 0, 0, 142
472, -17, 33, 5188, 0, 0, 142
473, -18, 32, 4612, 0, 0, 142
472, -17, 32, 4068, 0, 0, 142
473, -18, 32, 3492, 0, 0, 142
472, -17, 33, 2931, 0, 0, 142
473, -18, 32, 2355, 0, 0, 142
472, -17, 32, 1811, 0, 0, 142
473, -18, 32, 1235, 0, 0, 142
472, -17, 33, 674, 0, 0, 142
472, -17, 31, 147, 0, 0, 142
472, -17, 31, -380, 0, 0, 142
473, -18, 32, -956, 0, 0, 142
472, -17, 33, -1517, 0, 0, 142
472, -17, 33, -2078, 0, 0, 142
472, -17, 33, -2639, 0, 0, 142
472, -17, 33, -3200, 0, 0, 142
472, -17, 34, -3778, 0, 0, 142
472, -17, 33, -4339, 0, 0, 142
472, -17, 34, -4917, 0, 0, 142
472, -17, 32, -5461, 0, 0, 142
472, -17, 34, -6039, 0, 0, 142
472, -17, 33, -6600, 0, 0, 142
472, -17, 34, -7178, 0, 0, 142
472, -17, 32, -7722, 0, 0, 142
472, -17, 34, -8300, 0, 0, 142
472, -17, 33, -8861, 0, 0, 142
472, -17, 34, -9439, 0, 0, 142
472, -17, 33, -10000, 0, 0, 142
473, -18, 34, -10612, 0, 0, 142
472, -17, 34, -11190, 0, 0, 142
473, -18, 35, -11820, 0, 0, 142
472, -17, 34, -12398, 0, 0, 142
473, -18, 35, -13028, 0, 0, 142
472, -17, 33, -13589, 0, 0, 142
473, -18, 35, -14219, 0, 0, 142
472, -17, 34, -14797, 0, 0, 142
473, -18, 35, -15427, 0, 0, 142
472, -17, 34, -16005, 0, 0, 142
473, -18, 34, -16617, 0, 0, 142
472, -17, 34, -17195, 0, 0, 142
473, -18, 35, -17825, 0, 0, 142
472, -17, 34, -18403, 0, 0, 142
473, -18, 35, -19033, 0, 0, 142
472, -17, 33, -19594, 0, 0, 142
473, -18, 35, -20224, 0, 0, 142
472, -17, 34, -20802, 0, 0, 142
473, -18, 35, -21432, 0, 0, 142
472, -17, 34, -22010, 0, 0, 142
473, -18, 34, -22622, 0, 0, 142
472, -17, 34, -23200, 0, 0, 142
473, -18, 35, -23830, 0, 0, 142
472, -17, 34, -24408, 0, 0, 142
473, -18, 35, -25038, 0, 0, 142
472, -17, 34, -25616, 0, 0, 142
473, -18, 34, -26228, 0, 0, 142
472, -17, 35, -26823, 0, 0, 142
473, -18, 34, -27435, 0, 0, 142
472, -17, 35, -28030, 0, 0, 142
473, -18, 34, -28642, 0, 0, 142
472, -17, 34, -29220, 0, 0, 142
473, -18, 34, -29832, 0, 0, 142
472, -17, 35, -30427, 0, 0, 142
473, -18, 34, -31039, 0, 0, 142
472, -17, 35, -31634, 0, 0, 142
473, -18, 33, -32228, 0, 0, 142
472, -17, 35, -32823, 0, 0, 142
473, -18, 34, -33435, 0, 0, 142
472, -17, 35, -34030, 0, 0, 142
473, -18, 34, -34642, 0, 0, 142
472, -17, 34, -35220, 0, 0, 142
473, -18, 34, -35832, 0, 0, 142
472, -17, 35, -36427, 0, 0, 142
473, -18, 34, -37039, 0, 0, 142
472, -17, 35, -37634, 0, 0, 142
473, -18, 33, -38228, 0, 0, 142
472, -17, 35, -38823, 0, 0, 142
473, -18, 34, -39435, 0, 0, 142
472, -17, 35, -40030, 0, 0, 142
473, -18, 34, -40642, 0, 0, 142
472, -17, 34, -41220, 0, 0, 142
473, -18, 34, -41832, 0, 0, 142
472, -17, 35, -42427, 0, 0, 142
473, -18, 34, -43039, 0, 0, 142
472, -17, 35, -43634, 0, 0, 142
473, -18, 33, -44228, 0, 0, 142
472, -17, 35, -44823, 0, 0, 142
471, -16, 35, -45383, 0, 0, 142
472, -17, 34, -45961, 0, 0, 142
473, -18, 35, -46591, 0, 0, 142
472, -17, 33, -47152, 0, 0, 142
473, -18, 35, -47782, 0, 0, 142
472, -17, 34, -48360, 0, 0, 142
473, -18, 35, -48990, 0, 0, 142
472, -17, 34, -49568, 0, 0, 142
473, -18, 34, -50180, 0, 0, 142
472, -17, 34, -50758, 0, 0, 142
473, -18, 35, -51388, 0, 0, 142
472, -17, 34, -51966, 0, 0, 142
473, -18, 35, -52596, 0, 0, 142
472, -17, 33, -53157, 0, 0, 142
473, -18, 35, -53787, 0, 0, 142
472, -17, 34, -54365, 0, 0, 142
473, -18, 35, -54995, 0, 0, 142
472, -17, 34, -55573, 0, 0, 142
473, -18, 35, -56203, 0, 0, 142
472, -17, 33, -56764, 0, 0, 142
473, -18, 35, -57394, 0, 0, 142
472, -17, 34, -57972, 0, 0, 142
473, -18, 35, -58602, 0, 0, 142
472, -17, 34, -59180, 0, 0, 142
473, -18, 34, -59792, 0, 0, 142
472, -17, 34, -60370, 0, 0, 142
473, -18, 35, -61000, 0, 0, 142
472, -17, 34, -61578, 0, 0, 142
473, -18, 35, -62208, 0, 0, 142
472, -17, 33, -62769, 0, 0, 142
473, -18, 35, -63399, 0, 0, 142
472, -17, 35, -63994, 0, 0, 142
473, -18, 34, -64606, 0, 0, 142
472, -17, 35, -65201, 0, 0, 142
473, -18, 33, -65795, 0, 0, 142
472, -17, 35, -66390, 0, 0, 142
473, -18, 34, -67002, 0, 0, 142
472, -17, 35, -67597, 0, 0, 142
473, -18, 34, -68209, 0, 0, 142
472, -17, 34, -68787, 0, 0, 142
473, -18, 34, -69399, 0, 0, 142
472, -17, 35, -69994, 0, 0, 142
473, -18, 34, -70606, 0, 0, 142
472, -17, 35, -71201, 0, 0, 142
473, -18, 33, -71795, 0, 0, 142
472, -17, 35, -72390, 0, 0, 142
473, -18, 34, -73002, 0, 0, 142
472, -17, 35, -73597, 0, 0, 142
473, -18, 34, -74209, 0, 0, 142
472, -17, 34, -74787, 0, 0, 142
473, -18, 34, -75399, 0, 0, 142
472, -17, 35, -75994, 0, 0, 142
473, -18, 34, -76606, 0, 0, 142
472, -17, 35, -77201, 0, 0, 142
473, -18, 33, -77795, 0, 0, 142
472, -17, 35, -78390, 0, 0, 142
473, -18, 34, -79002, 0, 0, 142
472, -17, 35, -79597, 0, 0, 142
473, -18, 34, -80209, 0, 0, 142
472, -17, 34, -80787, 0, 0, 142
473, -18, 34, -81399, 0, 0, 142
472, -17, 35, -81994, 0, 0, 142
473, -18, 34, -82606, 0, 0, 142
472, -17, 35, -83201, 0, 0, 142
471, -16, 35, -83761, 0, 0, 142
472, -17, 33, -84322, 0, 0, 142
473, -18, 35, -84952, 0, 0, 142
472, -17, 34, -85530, 0, 0, 142
473, -18, 35, -86160, 0, 0, 142
472, -17, 34, -86738, 0, 0, 142
473, -18, 34, -87350, 0, 0, 142
472, -17, 34, -87928, 0, 0, 142
473, -18, 35, -88558, 0, 0, 142
472, -17, 34, -89136, 0, 0, 142
473, -18, 35, -89766, 0, 0, 142
472, -17, 33, -90327, 0, 0, 142
473, -18, 35, -90957, 0, 0, 142
472, -17, 34, -91535, 0, 0, 142
473, -18, 35, -92165, 0, 0, 142
472, -17, 34, -92743, 0, 0, 142
473, -18, 34, -93355, 0, 0, 142
472, -17, 34, -93933, 0, 0, 142
473, -18, 35, -94563, 0, 0, 142
472, -17, 34, -95141, 0, 0, 142
473, -18, 35, -95771, 0, 0, 142
472, -17, 33, -96332, 0, 0, 142
473, -18, 35, -96962, 0, 0, 142
472, -17, 34, -97540, 0, 0, 142
473, -18, 35, -98170, 0, 0, 142
472, -17, 34, -98748, 0, 0, 142
473, -18, 34, -99360, 0, 0, 142
472, -17, 34, -99938, 0, 0, 142
473, -18, 35, -100568, 0, 0, 142
473, -18, 35, -101198, 0, 0, 142
473, -18, 36, -101846, 0, 0, 142
473, -18, 36, -102494, 0, 0, 142
473, -18, 34, -103106, 0, 0, 142
473, -18, 36, -103754, 0, 0, 142
473, -18, 35, -104384, 0, 0, 142
473, -18, 36, -105032, 0, 0, 142
473, -18, 35, -105662, 0, 0, 142
473, -18, 35, -106292, 0, 0, 142
473, -18, 35, -106922, 0, 0, 142
473, -18, 36, -107570, 0, 0, 142
473, -18, 35, -108200, 0, 0, 142
473, -18, 36, -108848, 0, 0, 142
473, -18, 35, -109478, 0, 0, 142
473, -18, 35, -110108, 0, 0, 142
473, -18, 35, -110738, 0, 0, 142
473, -18, 36, -111386, 0, 0, 142
471, -16, 36, -111962, 0, 0, 142
473, -18, 35, -112592, 0, 0, 142
473, -18, 36, -113240, 0, 0, 142
473, -18, 34, -113852, 0, 0, 142
473, -18, 36, -114500, 0, 0, 142
473, -18, 35, -115130, 0, 0, 142
473, -18, 36, -115778, 0, 0, 142
473, -18, 35, -116408, 0, 0, 142
473, -18, 36, -117056, 0, 0, 142
473, -18, 34, -117668, 0, 0, 142
473, -18, 36, -118316, 0, 0, 142
473, -18, 35, -118946, 0, 0, 142
473, -18, 36, -119594, 0, 0, 142
473, -18, 35, -120224, 0, 0, 142
473, -18, 36, -120872, 0, 0, 142
473, -18, 34, -121484, 0, 0, 142
473, -18, 36, -122132, 0, 0, 142
473, -18, 36, -122780, 0, 0, 142
473, -18, 35, -123410, 0, 0, 142
473, -18, 36, -124058, 0, 0, 142
473, -18, 35, -124688, 0, 0, 142
473, -18, 35, -125318, 0, 0, 142
473, -18, 35, -125948, 0, 0, 142
473, -18, 36, -126596, 0, 0, 142
473, -18, 35, -127226, 0, 0, 142
473, -18, 36, -127874, 0, 0, 142
473, -18, 34, -128486, 0, 0, 142
473, -18, 36, -129134, 0, 0, 142
473, -18, 35, -129764, 0, 0, 142
473, -18, 36, -130412, 0, 0, 142
473, -18, 35, -131042, 0, 0, 142
473, -18, 36, -131690, 0, 0, 142
471, -16, 35, -132250, 0, 0, 142
473, -18, 35, -132880, 0, 0, 142
473, -18, 36, -133528, 0, 0, 142
473, -18, 35, -134158, 0, 0, 142
473, -18, 36, -134806, 0, 0, 142
473, -18, 35, -135436, 0, 0, 142
473, -18, 35, -136066, 0, 0, 142
473, -18, 35, -136696, 0, 0, 142
473, -18, 36, -137344, 0, 0, 142
473, -18, 35, -137974, 0, 0, 142
473, -18, 36, -138622, 0, 0, 142
473, -18, 35, -139252, 0, 0, 142
473, -18, 35, -139882, 0, 0, 142
473, -18, 35, -140512, 0, 0, 142
473, -18, 36, -141160, 0, 0, 142
473, -18, 35, -141790, 0, 0, 142
473, -18, 36, -142438, 0, 0, 142
473, -18, 36, -143086, 0, 0, 142
473, -18, 34, -143698, 0, 0, 142
473, -18, 36, -144346, 0, 0, 142
473, -18, 35, -144976, 0, 0, 142
473, -18, 36, -145624, 0, 0, 142
473, -18, 35, -146254, 0, 0, 142
473, -18, 36, -146902, 0, 0, 142
473, -18, 34, -147514, 0, 0, 142
473, -18, 36, -148162, 0, 0, 142
473, -18, 35, -148792, 0, 0, 142
473, -18, 36, -149440, 0, 0, 142
473, -18, 35, -150070, 0, 0, 142
473, -18, 36, -150718, 0, 0, 142
473, -18, 34, -151330, 0, 0, 142
473, -18, 36, -151978, 0, 0, 142
471, -16, 36, -152554, 0, 0, 142
473, -18, 35, -153184, 0, 0, 142
473, -18, 36, -153832, 0, 0, 142
473, -18, 34, -154444, 0, 0, 142
473, -18, 36, -155092, 0, 0, 142
473, -18, 35, -155722, 0, 0, 142
473, -18, 36, -156370, 0, 0, 142
473, -18, 35, -157000, 0, 0, 142
473, -18, 36, -157648, 0, 0, 142
473, -18, 34, -158260, 0, 0, 142
473, -18, 36, -158908, 0, 0, 142
473, -18, 35, -159538, 0, 0, 142
473, -18, 36, -160186, 0, 0, 142
473, -18, 35, -160816, 0, 0, 142
473, -18, 36, -161464, 0, 0, 142
473, -18, 34, -162076, 0, 0, 142
473, -18, 36, -162724, 0, 0, 142
473, -18, 36, -163372, 0, 0, 142
473, -18, 35, -164002, 0, 0, 142
473, -18, 36, -164650, 0, 0, 142
473, -18, 35, -165280, 0, 0, 142
473, -18, 35, -165910, 0, 0, 142
473, -18, 35, -166540, 0, 0, 142
473, -18, 36, -167188, 0, 0, 142
473, -18, 35, -167818, 0, 0, 142
473, -18, 36, -168466, 0, 0, 142
473, -18, 35, -169096, 0, 0, 142
473, -18, 35, -169726, 0, 0, 142
473, -18, 35, -170356, 0, 0, 142
473, -18, 36, -171004, 0, 0, 142
473, -18, 35, -171634, 0, 0, 142
473, -18, 36, -172282, 0, 0, 142
471, -16, 36, -172858, 0, 0, 142
473, -18, 34, -173470, 0, 0, 142
473, -18, 36, -174118, 0, 0, 142
473, -18, 35, -174748, 0, 0, 142
473, -18, 36, -175396, 0, 0, 142
473, -18, 35, -176026, 0, 0, 142
473, -18, 35, -176656, 0, 0, 142
473, -18, 35, -177286, 0, 0, 142
473, -18, 36, -177934, 0, 0, 142
473, -18, 35, -178564, 0, 0, 142
473, -18, 36, -179212, 0, 0, 142
474, -19, 35, -179877, 0, 0, 142
473, -18, 35, -180507, 0, 0, 142
473, -18, 35, -181137, 0, 0, 142
473, -18, 36, -181785, 0, 0, 142
473, -18, 35, -182415, 0, 0, 142
473, -18, 36, -183063, 0, 0, 142
474, -19, 36, -183747, 0, 0, 142
473, -18, 34, -184359, 0, 0, 142
473, -18, 36, -185007, 0, 0, 142
473, -18, 35, -185637, 0, 0, 142
473, -18, 36, -186285, 0, 0, 142
473, -18, 35, -186915, 0, 0, 142
473, -18, 36, -187563, 0, 0, 142
473, -18, 34, -188175, 0, 0, 142
473, -18, 36, -188823, 0, 0, 142
473, -18, 35, -189453, 0, 0, 142
473, -18, 36, -190101, 0, 0, 142
473, -18, 35, -190731, 0, 0, 142
473, -18, 36, -191379, 0, 0, 142
473, -18, 34, -191991, 0, 0, 142
473, -18, 36, -192639, 0, 0, 142
471, -16, 36, -193215, 0, 0, 142
473, -18, 35, -193845, 0, 0, 142
473, -18, 36, -194493, 0, 0, 142
473, -18, 35, -195123, 0, 0, 142
473, -18, 35, -195753, 0, 0, 142
473, -18, 35, -196383, 0, 0, 142
473, -18, 36, -197031, 0, 0, 142
474, -19, 35, -197696, 0, 0, 142
473, -18, 36, -198344, 0, 0, 142
474, -19, 34, -198990, 0, 0, 142
473, -18, 36, -199638, 0, 0, 142
473, -18, 35, -200268, 0, 0, 142
473, -18, 36, -200916, 0, 0, 142
473, -18, 35, -201546, 0, 0, 142
473, -18, 36, -202194, 0, 0, 142
473, -18, 34, -202806, 0, 0, 142
473, -18, 36, -203454, 0, 0, 142
474, -19, 36, -204138, 0, 0, 142
473, -18, 35, -204768, 0, 0, 142
473, -18, 36, -205416, 0, 0, 142
473, -18, 35, -206046, 0, 0, 142
473, -18, 35, -206676, 0, 0, 142
473, -18, 35, -207306, 0, 0, 142
474, -19, 36, -207990, 0, 0, 142
473, -18, 35, -208620, 0, 0, 142
473, -18, 36, -209268, 0, 0, 142
473, -18, 35, -209898, 0, 0, 142
473, -18, 35, -210528, 0, 0, 142
473, -18, 35, -211158, 0, 0, 142
473, -18, 36, -211806, 0, 0, 142
473, -18, 35, -212436, 0, 0, 142
474, -19, 36, -213120, 0, 0, 142
471, -16, 36, -213696, 0, 0, 142
473, -18, 34, -214308, 0, 0, 142
473, -18, 36, -214956, 0, 0, 142
473, -18, 35, -215586, 0, 0, 142
473, -18, 36, -216234, 0, 0, 142
473, -18, 35, -216864, 0, 0, 142
473, -18, 36, -217512, 0, 0, 142
474, -19, 34, -218158, 0, 0, 142
473, -18, 36, -218806, 0, 0, 142
473, -18, 35, -219436, 0, 0, 142
473, -18, 36, -220084, 0, 0, 142
473, -18, 35, -220714, 0, 0, 142
474, -19, 35, -221379, 0, 0, 142
474, -19, 35, -222044, 0, 0, 142
473, -18, 36, -222692, 0, 0, 142
474, -19, 35, -223357, 0, 0, 142
474, -19, 36, -224041, 0, 0, 142
473, -18, 36, -224689, 0, 0, 142
474, -19, 34, -225335, 0, 0, 142
473, -18, 36, -225983, 0, 0, 142
473, -18, 35, -226613, 0, 0, 142
474, -19, 36, -227297, 0, 0, 142
473, -18, 35, -227927, 0, 0, 142
474, -19, 36, -228611, 0, 0, 142
473, -18, 34, -229223, 0, 0, 142
474, -19, 36, -229907, 0, 0, 142
473, -18, 35, -230537, 0, 0, 142
473, -18, 36, -231185, 0, 0, 142
473, -18, 35, -231815, 0, 0, 142
474, -19, 36, -232499, 0, 0, 142
473, -18, 34, -233111, 0, 0, 142
473, -18, 36, -233759, 0, 0, 142
471, -16, 36, -234335, 0, 0, 142
473, -18, 35, -234965, 0, 0, 142
473, -18, 36, -235613, 0, 0, 142
474, -19, 35, -236278, 0, 0, 142
473, -18, 35, -236908, 0, 0, 142
474, -19, 35, -237573, 0, 0, 142
473, -18, 36, -238221, 0, 0, 142
473, -18, 35, -238851, 0, 0, 142
474, -19, 36, -239535, 0, 0, 142
473, -18, 35, -240165, 0, 0, 142
473, -18, 35, -240795, 0, 0, 142
473, -18, 35, -241425, 0, 0, 142
473, -18, 36, -242073, 0, 0, 142
474, -19, 35, -242738, 0, 0, 142
473, -18, 36, -243386, 0, 0, 142
474, -19, 34, -244032, 0, 0, 142
473, -18, 36, -244680, 0, 0, 142
473, -18, 36, -245328, 0, 0, 142
474, -19, 35, -245993, 0, 0, 142
473, -18, 36, -246641, 0, 0, 142
473, -18, 35, -247271, 0, 0, 142
473, -18, 35, -247901, 0, 0, 142
474, -19, 35, -248566, 0, 0, 142
473, -18, 36, -249214, 0, 0, 142
473, -18, 35, -249844, 0, 0, 142
473, -18, 36, -250492, 0, 0, 142
474, -19, 35, -251157, 0, 0, 142
474, -19, 35, -251822, 0, 0, 142
473, -18, 35, -252452, 0, 0, 142
474, -19, 36, -253136, 0, 0, 142
474, -19, 35, -253801, 0, 0, 142
474, -19, 36, -254485, 0, 0, 142
471, -16, 36, -255061, 0, 0, 142
474, -19, 34, -255707, 0, 0, 142
473, -18, 36, -256355, 0, 0, 142
474, -19, 35, -257020, 0, 0, 142
473, -18, 36, -257668, 0, 0, 142
474, -19, 35, -258333, 0, 0, 142
473, -18, 36, -258981, 0, 0, 142
474, -19, 34, -259627, 0, 0, 142
473, -18, 36, -260275, 0, 0, 142
473, -18, 35, -260905, 0, 0, 142
474, -19, 36, -261589, 0, 0, 142
474, -19, 35, -262254, 0, 0, 142
474, -19, 36, -262938, 0, 0, 142
474, -19, 34, -263584, 0, 0, 142
474, -19, 36, -264268, 0, 0, 142
474, -19, 35, -264933, 0, 0, 142
474, -19, 36, -265617, 0, 0, 142
474, -19, 36, -266301, 0, 0, 142
474, -19, 35, -266966, 0, 0, 142
474, -19, 35, -267631, 0, 0, 142
474, -19, 35, -268296, 0, 0, 142
473, -18, 36, -268944, 0, 0, 142
474, -19, 35, -269609, 0, 0, 142
474, -19, 36, -270293, 0, 0, 142
474, -19, 34, -270939, 0, 0, 142
474, -19, 36, -271623, 0, 0, 142
474, -19, 35, -272288, 0, 0, 142
474, -19, 36, -272972, 0, 0, 142
473, -18, 35, -273602, 0, 0, 142
473, -18, 36, -274250, 0, 0, 142
474, -19, 34, -274896, 0, 0, 142
474, -19, 36, -275580, 0, 0, 142
471, -16, 36, -276156, 0, 0, 142
474, -19, 35, -276821, 0, 0, 142
474, -19, 36, -277505, 0, 0, 142
474, -19, 35, -278170, 0, 0, 142
474, -19, 35, -278835, 0, 0, 142
473, -18, 35, -279465, 0, 0, 142
474, -19, 36, -280149, 0, 0, 142
474, -19, 35, -280814, 0, 0, 142
473, -18, 36, -281462, 0, 0, 142
473, -18, 35, -282092, 0, 0, 142
473, -18, 35, -282722, 0, 0, 142
474, -19, 35, -283387, 0, 0, 142
474, -19, 36, -284071, 0, 0, 142
474, -19, 35, -284736, 0, 0, 142
474, -19, 36, -285420, 0, 0, 142
474, -19, 35, -286085, 0, 0, 142
474, -19, 35, -286750, 0, 0, 142
474, -19, 36, -287434, 0, 0, 142
474, -19, 35, -288099, 0, 0, 142
474, -19, 36, -288783, 0, 0, 142
474, -19, 35, -289448, 0, 0, 142
474, -19, 36, -290132, 0, 0, 142
474, -19, 34, -290778, 0, 0, 142
474, -19, 36, -291462, 0, 0, 142
474, -19, 35, -292127, 0, 0, 142
474, -19, 36, -292811, 0, 0, 142
474, -19, 35, -293476, 0, 0, 142
474, -19, 35, -294141, 0, 0, 142
474, -19, 35, -294806, 0, 0, 142
474, -19, 36, -295490, 0, 0, 142
474, -19, 35, -296155, 0, 0, 142
474, -19, 36, -296839, 0, 0, 142
471, -16, 36, -297415, 0, 0, 142
474, -19, 34, -298061, 0, 0, 142
474, -19, 36, -298745, 0, 0, 142
474, -19, 35, -299410, 0, 0, 142
474, -19, 36, -300094, 0, 0, 142
474, -19, 35, -300759, 0, 0, 142
474, -19, 36, -301443, 0, 0, 142
474, -19, 34, -302089, 0, 0, 142
474, -19, 36, -302773, 0, 0, 142
474, -19, 35, -303438, 0, 0, 142
474, -19, 36, -304122, 0, 0, 142
474, -19, 35, -304787, 0, 0, 142
474, -19, 36, -305471, 0, 0, 142
474, -19, 34, -306117, 0, 0, 142
474, -19, 36, -306801, 0, 0, 142
474, -19, 35, -307466, 0, 0, 142
474, -19, 36, -308150, 0, 0, 142
474, -19, 36, -308834, 0, 0, 142
474, -19, 35, -309499, 0, 0, 142
474, -19, 35, -310164, 0, 0, 142
473, -18, 35, -310794, 0, 0, 142
474, -19, 36, -311478, 0, 0, 142
474, -19, 35, -312143, 0, 0, 142
474, -19, 36, -312827, 0, 0, 142
474, -19, 35, -313492, 0, 0, 142
474, -19, 35, -314157, 0, 0, 142
474, -19, 35, -314822, 0, 0, 142
474, -19, 36, -315506, 0, 0, 142
474, -19, 35, -316171, 0, 0, 142
474, -19, 36, -316855, 0, 0, 142
474, -19, 34, -317501, 0, 0, 142
474, -19, 36, -318185, 0, 0, 142
471, -16, 36, -318761, 0, 0, 142
474, -19, 35, -319426, 0, 0, 142
474, -19, 36, -320110, 0, 0, 142
474, -19, 35, -320775, 0, 0, 142
474, -19, 35, -321440, 0, 0, 142
474, -19, 35, -322105, 0, 0, 142
474, -19, 36, -322789, 0, 0, 142
474, -19, 35, -323454, 0, 0, 142
474, -19, 36, -324138, 0, 0, 142
474, -19, 35, -324803, 0, 0, 142
474, -19, 35, -325468, 0, 0, 142
474, -19, 35, -326133, 0, 0, 142
474, -19, 36, -326817, 0, 0, 142
474, -19, 35, -327482, 0, 0, 142
474, -19, 36, -328166, 0, 0, 142
473, -18, 35, -328796, 0, 0, 142
474, -19, 35, -329461, 0, 0, 142
473, -18, 36, -330109, 0, 0, 142
474, -19, 35, -330774, 0, 0, 142
474, -19, 36, -331458, 0, 0, 142
473, -18, 35, -332088, 0, 0, 142
474, -19, 36, -332772, 0, 0, 142
474, -19, 34, -333418, 0, 0, 142
474, -19, 36, -334102, 0, 0, 142
474, -19, 35, -334767, 0, 0, 142
474, -19, 36, -335451, 0, 0, 142
474, -19, 35, -336116, 0, 0, 142
474, -19, 36, -336800, 0, 0, 142
474, -19, 34, -337446, 0, 0, 142
474, -19, 36, -338130, 0, 0, 142
473, -18, 35, -338760, 0, 0, 142
474, -19, 36, -339444, 0, 0, 142
471, -16, 36, -340020, 0, 0, 142
474, -19, 34, -340666, 0, 0, 142
474, -19, 36, -341350, 0, 0, 142
474, -19, 35, -342015, 0, 0, 142
474, -19, 36, -342699, 0, 0, 142
474, -19, 35, -343364, 0, 0, 142
474, -19, 36, -344048, 0, 0, 142
474, -19, 34, -344694, 0, 0, 142
474, -19, 36, -345378, 0, 0, 142
474, -19, 35, -346043, 0, 0, 142
474, -19, 36, -346727, 0, 0, 142
474, -19, 35, -347392, 0, 0, 142
474, -19, 36, -348076, 0, 0, 142
474, -19, 34, -348722, 0, 0, 142
474, -19, 36, -349406, 0, 0, 142
474, -19, 35, -350071, 0, 0, 142
474, -19, 36, -350755, 0, 0, 142
474, -19, 36, -351439, 0, 0, 142
474, -19, 35, -352104, 0, 0, 142
474, -19, 35, -352769, 0, 0, 142
474, -19, 35, -353434, 0, 0, 142
474, -19, 36, -354118, 0, 0, 142
474, -19, 35, -354783, 0, 0, 142
474, -19, 36, -355467, 0, 0, 142
474, -19, 35, -356132, 0, 0, 142
474, -19, 35, -356797, 0, 0, 142
474, -19, 35, -357462, 0, 0, 142
474, -19, 36, -358146, 0, 0, 142
474, -19, 35, -358811, 0, 0, 142
474, -19, 36, -359495, 0, 0, 142
474, -19, 35, -360160, 0, 0, 142
474, -19, 35, -360825, 0, 0, 142
471, -16, 36, -361401, 0, 0, 142
474, -19, 35, -362066, 0, 0, 142
474, -19, 36, -362750, 0, 0, 142
474, -19, 35, -363415, 0, 0, 142
474, -19, 36, -364099, 0, 0, 142
474, -19, 34, -364745, 0, 0, 142
474, -19, 36, -365429, 0, 0, 142
474, -19, 35, -366094, 0, 0, 142
474, -19, 36, -366778, 0, 0, 142
474, -19, 35, -367443, 0, 0, 142
474, -19, 35, -368108, 0, 0, 142
474, -19, 35, -368773, 0, 0, 142
474, -19, 36, -369457, 0, 0, 142
474, -19, 35, -370122, 0, 0, 142
474, -19, 36, -370806, 0, 0, 142
474, -19, 35, -371471, 0, 0, 142
474, -19, 35, -372136, 0, 0, 142
474, -19, 36, -372820, 0, 0, 142
474, -19, 35, -373485, 0, 0, 142
474, -19, 36, -374169, 0, 0, 142
474, -19, 35, -374834, 0, 0, 142
474, -19, 36, -375518, 0, 0, 142
474, -19, 34, -376164, 0, 0, 142
474, -19, 36, -376848, 0, 0, 142
474, -19, 35, -377513, 0, 0, 142
474, -19, 36, -378197, 0, 0, 142
474, -19, 35, -378862, 0, 0, 142
474, -19, 36, -379546, 0, 0, 142
474, -19, 34, -380192, 0, 0, 142
474, -19, 36, -380876, 0, 0, 142
474, -19, 35, -381541, 0, 0, 142
474, -19, 36, -382225, 0, 0, 142
471, -16, 36, -382801, 0, 0, 142
474, -19, 35, -383466, 0, 0, 142
474, -19, 35, -384131, 0, 0, 142
474, -19, 35, -384796, 0, 0, 142
474, -19, 36, -385480, 0, 0, 142
474, -19, 35, -386145, 0, 0, 142
474, -19, 36, -386829, 0, 0, 142
474, -19, 35, -387494, 0, 0, 142
474, -19, 35, -388159, 0, 0, 142
474, -19, 35, -388824, 0, 0, 142
474, -19, 36, -389508, 0, 0, 142
474, -19, 35, -390173, 0, 0, 142
474, -19, 36, -390857, 0, 0, 142
474, -19, 34, -391503, 0, 0, 142
474, -19, 36, -392187, 0, 0, 142
474, -19, 35, -392852, 0, 0, 142
474, -19, 36, -393536,